0 200
0 259
0 2
0 3
0 213
1 2
1 4
1 261
1 260
1 7
1 264
1 9
1 266
1 139
1 12
1 15
1 16
1 18
1 276
1 23
1 24
1 25
1 27
1 30
1 31
1 163
1 39
1 40
1 41
1 173
1 158
1 54
1 185
1 186
1 59
1 188
1 61
1 69
1 70
1 199
1 200
1 80
1 213
1 86
1 91
1 144
1 101
1 103
1 286
1 236
1 274
1 246
1 255
2 130
2 3
2 4
2 5
2 262
2 7
2 8
2 10
2 11
2 13
2 14
2 16
2 18
2 19
2 277
2 22
2 24
2 25
2 156
2 285
2 32
2 214
2 290
2 180
2 165
2 146
2 129
2 274
2 263
2 243
2 52
2 55
2 57
2 61
2 63
2 64
2 65
2 196
2 71
2 72
2 75
2 76
2 78
2 141
2 85
2 86
2 185
2 217
2 233
2 224
2 98
2 99
2 100
2 102
2 105
2 109
2 114
2 115
2 131
2 118
2 119
2 250
2 298
3 5
3 6
3 11
3 141
3 142
3 15
3 83
3 20
3 21
3 152
3 228
3 154
3 155
3 29
3 48
3 34
3 291
3 36
3 229
3 234
3 239
3 112
3 50
3 179
3 123
4 35
4 165
4 9
4 12
4 13
4 48
4 242
4 243
4 53
4 120
5 19
5 227
5 6
5 198
5 135
5 168
5 74
5 43
5 207
5 273
5 51
6 32
6 115
6 196
6 231
6 267
6 58
6 251
6 282
7 235
7 262
7 97
7 136
7 105
7 170
7 203
7 8
7 116
7 22
7 72
7 26
8 99
8 74
8 294
9 34
9 39
9 10
9 225
9 14
9 157
9 82
9 20
9 21
9 120
9 57
9 138
9 255
10 65
10 292
10 23
10 104
10 42
10 190
10 143
11 41
11 63
12 96
12 273
12 216
12 137
12 26
12 187
12 90
12 207
13 96
13 97
13 67
13 294
13 209
13 215
13 28
13 50
13 30
14 17
14 88
14 122
14 232
15 64
15 33
15 104
15 145
15 108
15 45
15 111
15 176
15 17
15 83
15 126
15 143
15 94
16 80
16 35
16 162
16 95
17 291
17 37
17 44
17 75
17 268
17 209
17 245
17 282
17 125
17 159
18 29
19 49
19 36
19 70
19 152
19 184
19 62
19 205
19 46
20 68
20 270
20 167
20 56
20 122
20 107
20 124
20 199
21 182
21 259
21 248
21 46
22 256
22 113
23 275
23 76
23 58
23 31
24 256
24 68
24 295
24 263
24 43
24 49
24 276
24 117
24 92
24 191
25 197
25 103
25 168
25 47
25 242
25 84
25 148
25 60
25 253
25 94
25 261
26 131
26 293
26 38
26 268
26 202
26 45
26 114
26 56
26 27
26 28
27 44
27 77
28 280
29 171
29 247
30 60
30 206
30 33
31 128
31 245
31 69
31 182
31 145
31 175
31 95
32 198
32 81
32 164
32 37
33 193
33 66
33 132
33 38
33 231
33 42
33 140
33 270
33 241
33 279
33 59
33 221
33 222
34 51
34 101
34 73
34 119
35 85
35 134
36 67
36 89
36 73
36 66
36 126
36 127
37 258
37 212
37 40
37 247
37 79
37 148
37 53
37 121
37 52
37 218
37 47
37 232
40 290
40 271
41 133
42 128
42 91
42 106
42 159
43 154
43 90
43 106
43 286
43 79
45 181
45 87
45 281
45 171
45 172
46 296
46 164
47 272
47 81
47 246
47 71
47 137
47 87
47 55
47 110
49 136
49 130
49 54
49 227
49 190
50 192
50 191
51 283
51 92
51 234
51 194
51 82
51 181
51 151
51 155
51 252
51 202
52 224
52 125
52 93
53 160
53 193
53 233
53 201
53 240
54 183
55 169
55 204
55 77
56 264
56 236
57 160
57 195
57 278
57 184
57 269
58 177
59 289
59 230
60 203
60 212
60 62
62 176
62 249
62 205
64 299
64 133
65 244
66 222
67 226
67 139
67 229
71 252
71 237
72 150
72 118
73 267
74 177
74 84
74 153
74 78
74 149
75 219
75 134
76 230
78 297
78 140
79 216
79 295
79 88
79 298
80 257
80 109
80 161
81 178
81 174
85 117
85 254
86 112
86 292
87 89
87 271
89 283
89 123
90 93
92 100
94 210
94 146
94 194
95 248
96 98
97 162
97 147
97 102
97 121
97 220
98 113
98 147
98 249
98 170
98 108
99 195
99 238
100 284
100 219
100 287
102 269
102 238
102 223
103 178
103 179
103 214
103 235
103 107
103 124
103 111
106 272
106 189
107 156
107 163
108 211
108 151
108 153
108 172
108 110
109 127
110 161
110 142
112 135
113 257
113 150
113 289
113 175
115 296
115 132
115 116
116 204
116 166
117 138
117 157
119 210
121 144
121 167
125 260
125 201
126 129
126 278
126 280
126 299
126 173
127 279
128 149
131 169
131 284
135 187
136 186
136 225
136 174
137 228
137 253
137 158
137 239
138 237
138 189
141 166
143 221
145 226
149 258
151 251
153 215
155 206
160 208
161 240
163 254
164 180
164 197
165 211
171 241
172 287
174 223
177 192
177 183
187 188
188 288
188 266
199 250
202 217
203 218
204 208
204 265
212 220
221 275
227 288
238 281
238 293
242 244
244 265
249 285
254 297
262 277
