0 247 
0 463 
0 465 
1 243 
1 519 
2 3 
2 4 
2 5 
2 6 
2 7 
2 8 
2 9 
2 10 
3 2 
3 8 
3 10 
4 2 
4 7 
4 122 
5 2 
5 282 
6 2 
6 61 
6 284 
6 318 
6 319 
6 320 
6 597 
6 598 
7 2 
7 4 
8 2 
8 3 
8 9 
8 10 
9 2 
9 8 
9 10 
10 2 
10 3 
10 8 
10 9 
11 12 
11 13 
11 14 
11 15 
11 16 
11 17 
12 11 
12 13 
12 14 
12 173 
12 177 
13 11 
13 12 
13 14 
13 15 
13 17 
13 18 
13 19 
13 20 
13 21 
13 22 
13 23 
13 163 
13 177 
13 209 
13 301 
13 302 
13 328 
13 398 
13 400 
14 11 
14 12 
14 13 
14 17 
14 171 
14 177 
14 210 
14 302 
14 402 
14 403 
14 404 
15 11 
15 13 
15 18 
15 22 
15 23 
15 33 
16 11 
16 22 
16 177 
16 206 
16 302 
17 11 
17 13 
17 14 
17 19 
17 169 
17 170 
17 171 
17 173 
17 174 
17 175 
17 176 
17 206 
17 209 
17 210 
17 301 
17 326 
17 327 
17 398 
17 400 
17 402 
17 403 
17 404 
18 13 
18 15 
18 19 
18 20 
18 21 
18 22 
18 23 
19 13 
19 17 
19 18 
19 23 
19 206 
19 207 
19 208 
20 13 
20 18 
20 21 
20 22 
20 206 
20 207 
20 208 
20 301 
20 302 
21 13 
21 18 
21 20 
21 22 
21 23 
21 171 
21 206 
21 207 
21 208 
21 301 
21 402 
21 403 
21 404 
22 13 
22 15 
22 16 
22 18 
22 20 
22 21 
22 23 
22 30 
22 33 
23 13 
23 15 
23 18 
23 19 
23 21 
23 22 
23 30 
23 33 
23 169 
23 301 
23 400 
24 25 
24 26 
24 27 
24 28 
24 29 
25 24 
25 26 
25 27 
25 28 
25 29 
25 195 
25 503 
25 576 
25 577 
25 578 
25 579 
25 580 
25 581 
25 582 
26 24 
26 25 
26 27 
26 29 
26 195 
26 434 
26 436 
26 503 
26 576 
26 577 
26 578 
26 579 
26 580 
26 581 
26 582 
27 24 
27 25 
27 26 
27 29 
27 195 
27 435 
27 436 
27 577 
27 578 
27 581 
27 582 
28 24 
28 25 
28 29 
28 195 
28 433 
28 434 
28 435 
28 436 
28 437 
28 576 
28 577 
28 578 
28 581 
28 582 
28 602 
28 603 
29 24 
29 25 
29 26 
29 27 
29 28 
29 195 
29 577 
29 581 
29 582 
30 22 
30 23 
30 31 
30 32 
30 33 
31 30 
31 434 
31 435 
31 504 
32 30 
32 252 
32 471 
32 503 
32 504 
32 545 
33 15 
33 22 
33 23 
33 30 
33 208 
34 625 
35 36 
35 37 
35 38 
35 39 
35 40 
36 35 
36 37 
36 38 
36 39 
36 40 
36 159 
36 160 
36 161 
37 35 
37 36 
37 38 
37 39 
37 40 
37 159 
37 160 
38 35 
38 36 
38 37 
38 39 
38 40 
39 35 
39 36 
39 37 
39 38 
39 40 
39 159 
39 160 
40 35 
40 36 
40 37 
40 38 
40 39 
40 159 
40 160 
41 42 
41 43 
41 44 
41 45 
41 46 
41 47 
41 48 
42 41 
42 43 
42 45 
42 46 
42 47 
42 48 
42 74 
42 76 
42 542 
43 41 
43 42 
43 44 
43 45 
43 46 
43 47 
43 48 
44 41 
44 43 
44 45 
44 46 
44 47 
44 73 
44 74 
44 75 
44 76 
44 77 
44 588 
45 41 
45 42 
45 43 
45 44 
45 46 
45 47 
45 48 
45 76 
45 409 
46 41 
46 42 
46 43 
46 44 
46 45 
46 47 
46 74 
46 75 
46 76 
46 77 
46 542 
46 588 
47 41 
47 42 
47 43 
47 44 
47 45 
47 46 
48 41 
48 42 
48 43 
48 45 
49 50 
49 51 
49 52 
49 53 
50 49 
50 51 
50 52 
50 53 
50 213 
50 214 
50 257 
50 344 
50 345 
50 346 
50 347 
50 348 
50 349 
50 350 
50 351 
50 352 
50 353 
50 354 
51 49 
51 50 
51 52 
51 53 
51 212 
51 213 
51 214 
51 257 
51 344 
51 345 
51 347 
51 348 
51 351 
51 353 
51 354 
51 565 
51 566 
51 567 
52 49 
52 50 
52 51 
52 53 
52 212 
52 214 
52 256 
52 257 
52 347 
52 351 
52 354 
52 495 
52 565 
52 566 
52 567 
52 607 
52 608 
53 49 
53 50 
53 51 
53 52 
53 103 
53 212 
53 213 
53 214 
53 256 
53 257 
53 344 
53 345 
53 346 
53 347 
53 348 
53 349 
53 350 
53 351 
53 352 
53 353 
53 354 
53 444 
53 445 
53 565 
53 566 
53 567 
53 607 
53 608 
54 55 
54 56 
54 57 
54 58 
54 59 
55 54 
55 57 
55 58 
55 59 
55 304 
55 337 
55 482 
55 483 
56 54 
56 58 
57 54 
57 55 
57 59 
57 601 
57 632 
58 54 
58 55 
58 56 
58 59 
58 632 
59 54 
59 55 
59 57 
59 58 
59 482 
60 61 
60 62 
60 63 
61 6 
61 60 
61 211 
62 60 
62 337 
63 60 
63 634 
63 635 
64 65 
64 66 
64 67 
64 68 
64 69 
64 70 
64 71 
64 72 
65 64 
65 66 
65 67 
65 68 
65 69 
65 70 
66 64 
66 65 
66 67 
66 68 
66 69 
66 70 
66 71 
66 72 
66 323 
66 324 
66 325 
66 574 
66 575 
67 64 
67 65 
67 66 
67 68 
67 70 
67 574 
68 64 
68 65 
68 66 
68 67 
68 69 
68 70 
68 72 
68 324 
68 325 
68 575 
68 636 
69 64 
69 65 
69 66 
69 68 
69 71 
69 72 
69 324 
69 325 
69 574 
69 575 
70 64 
70 65 
70 66 
70 67 
70 68 
70 72 
70 636 
71 64 
71 66 
71 69 
71 72 
71 180 
71 323 
71 325 
71 630 
72 64 
72 66 
72 68 
72 69 
72 70 
72 71 
72 323 
72 324 
72 325 
72 575 
72 636 
73 44 
73 74 
73 75 
73 76 
73 77 
74 42 
74 44 
74 46 
74 73 
74 75 
74 76 
74 77 
75 44 
75 46 
75 73 
75 74 
75 76 
75 77 
75 81 
75 218 
75 588 
76 42 
76 44 
76 45 
76 46 
76 73 
76 74 
76 75 
77 44 
77 46 
77 73 
77 74 
77 75 
78 79 
78 80 
78 81 
78 82 
78 83 
78 84 
78 85 
78 86 
78 87 
78 88 
78 89 
78 90 
78 91 
78 92 
78 93 
78 94 
79 78 
79 80 
79 82 
79 83 
79 85 
79 86 
79 87 
79 88 
79 91 
79 92 
79 94 
79 239 
80 78 
80 79 
80 87 
80 90 
80 92 
81 75 
81 78 
82 78 
82 79 
82 84 
82 90 
82 92 
83 78 
83 79 
83 87 
83 90 
83 92 
84 78 
84 82 
84 87 
84 88 
84 91 
84 92 
84 94 
84 239 
84 617 
85 78 
85 79 
85 92 
85 93 
86 78 
86 79 
86 90 
86 92 
86 94 
86 239 
86 617 
87 78 
87 79 
87 80 
87 83 
87 84 
87 89 
87 90 
87 92 
87 654 
88 78 
88 79 
88 84 
88 90 
88 92 
89 78 
89 87 
89 92 
89 94 
89 617 
89 641 
89 654 
89 657 
89 661 
90 78 
90 80 
90 82 
90 83 
90 86 
90 87 
90 88 
90 91 
90 92 
90 94 
90 239 
90 617 
91 78 
91 79 
91 84 
91 90 
91 92 
91 94 
91 239 
91 617 
92 78 
92 79 
92 80 
92 82 
92 83 
92 84 
92 85 
92 86 
92 87 
92 88 
92 89 
92 90 
92 91 
92 661 
93 78 
93 85 
93 239 
94 78 
94 79 
94 84 
94 86 
94 89 
94 90 
94 91 
95 96 
95 97 
95 98 
95 99 
95 100 
95 101 
95 102 
96 95 
96 98 
96 99 
96 100 
96 101 
96 102 
96 152 
96 153 
96 154 
96 155 
96 156 
96 157 
96 158 
97 95 
97 98 
97 99 
97 101 
98 95 
98 96 
98 97 
98 100 
98 101 
98 102 
98 587 
99 95 
99 96 
99 97 
99 100 
99 101 
99 102 
99 587 
100 95 
100 96 
100 98 
100 99 
100 101 
100 102 
100 587 
100 623 
101 95 
101 96 
101 97 
101 98 
101 99 
101 100 
101 102 
101 152 
101 153 
101 154 
101 155 
101 157 
101 158 
101 569 
102 95 
102 96 
102 98 
102 99 
102 100 
102 101 
102 152 
102 153 
102 155 
102 157 
102 587 
103 53 
104 105 
104 106 
104 107 
104 108 
104 109 
105 104 
105 107 
105 109 
105 405 
105 406 
105 407 
105 408 
105 489 
105 490 
105 491 
106 104 
106 108 
106 109 
106 405 
106 489 
106 491 
107 104 
107 105 
107 218 
107 405 
107 407 
107 408 
107 489 
107 490 
107 491 
108 104 
108 106 
108 109 
108 405 
108 489 
108 490 
108 491 
109 104 
109 105 
109 106 
109 108 
109 405 
109 408 
109 489 
109 491 
110 111 
110 112 
110 113 
110 114 
110 115 
110 116 
110 117 
111 110 
111 449 
112 110 
112 114 
112 115 
112 449 
113 110 
113 116 
113 333 
113 374 
113 449 
113 478 
113 479 
113 480 
113 481 
113 496 
113 497 
113 571 
113 611 
113 640 
114 110 
114 112 
114 449 
115 110 
115 112 
115 449 
116 110 
116 113 
116 449 
116 558 
117 110 
117 314 
117 449 
118 119 
118 120 
118 121 
119 118 
119 120 
119 121 
119 220 
119 395 
119 397 
119 399 
120 118 
120 119 
120 121 
120 394 
120 395 
120 397 
120 399 
121 118 
121 119 
121 120 
121 399 
122 4 
122 123 
122 479 
123 122 
123 124 
123 481 
124 123 
124 479 
125 126 
125 127 
126 125 
126 127 
126 451 
126 501 
126 502 
127 125 
127 126 
127 335 
127 451 
128 129 
128 130 
128 131 
128 132 
128 133 
128 134 
128 135 
128 136 
128 137 
128 138 
128 139 
128 140 
129 128 
129 130 
129 131 
129 136 
129 146 
130 128 
130 129 
130 131 
130 132 
130 134 
130 135 
130 136 
130 137 
130 138 
130 139 
130 140 
130 146 
130 217 
130 218 
130 219 
131 128 
131 129 
131 130 
131 132 
131 133 
131 134 
131 136 
131 139 
131 146 
131 217 
132 128 
132 130 
132 131 
132 133 
132 134 
132 135 
132 136 
132 137 
132 138 
132 219 
133 128 
133 131 
133 132 
133 134 
133 136 
134 128 
134 130 
134 131 
134 132 
134 133 
134 136 
134 137 
134 138 
134 139 
134 219 
135 128 
135 130 
135 132 
135 136 
135 137 
136 128 
136 129 
136 130 
136 131 
136 132 
136 133 
136 134 
136 135 
136 137 
136 138 
136 139 
136 140 
136 146 
136 217 
136 219 
137 128 
137 130 
137 132 
137 134 
137 135 
137 136 
137 219 
138 128 
138 130 
138 132 
138 134 
138 136 
139 128 
139 130 
139 131 
139 134 
139 136 
140 128 
140 130 
140 136 
140 146 
140 217 
141 142 
141 143 
141 144 
141 145 
142 141 
142 144 
142 145 
142 517 
143 141 
143 148 
143 613 
143 652 
144 141 
144 142 
144 145 
145 141 
145 142 
145 144 
146 129 
146 130 
146 131 
146 136 
146 140 
146 217 
147 148 
147 149 
147 150 
147 151 
148 143 
148 147 
148 149 
148 150 
148 151 
148 270 
148 271 
148 272 
148 273 
148 274 
148 275 
148 457 
149 147 
149 148 
149 150 
149 151 
149 270 
149 271 
149 273 
149 274 
150 147 
150 148 
150 149 
150 151 
150 270 
150 271 
150 272 
150 274 
150 275 
151 147 
151 148 
151 149 
151 150 
151 270 
151 271 
152 96 
152 101 
152 102 
152 153 
152 154 
152 155 
152 157 
152 158 
153 96 
153 101 
153 102 
153 152 
153 154 
153 155 
153 157 
153 158 
154 96 
154 101 
154 152 
154 153 
154 155 
155 96 
155 101 
155 102 
155 152 
155 153 
155 154 
155 158 
156 96 
156 373 
157 96 
157 101 
157 102 
157 152 
157 153 
158 96 
158 101 
158 152 
158 153 
158 155 
159 36 
159 37 
159 39 
159 40 
159 160 
160 36 
160 37 
160 39 
160 40 
160 159 
161 36 
161 306 
161 600 
161 601 
161 632 
162 536 
162 618 
163 13 
163 164 
163 165 
163 166 
163 167 
163 168 
163 169 
163 170 
163 171 
163 172 
163 173 
163 174 
163 175 
163 176 
163 177 
164 163 
164 169 
164 171 
164 173 
164 175 
164 209 
164 210 
165 163 
165 177 
165 210 
165 469 
166 163 
166 177 
166 210 
166 469 
167 163 
167 177 
167 210 
167 469 
168 163 
168 177 
168 210 
168 469 
168 516 
169 17 
169 23 
169 163 
169 164 
169 326 
170 17 
170 163 
170 173 
170 209 
171 14 
171 17 
171 21 
171 163 
171 164 
171 177 
171 301 
172 163 
172 177 
172 210 
172 469 
173 12 
173 17 
173 163 
173 164 
173 170 
173 174 
173 176 
173 177 
173 206 
173 209 
173 210 
173 328 
173 398 
174 17 
174 163 
174 173 
174 209 
175 17 
175 163 
175 164 
175 209 
175 326 
176 17 
176 163 
176 173 
176 209 
177 12 
177 13 
177 14 
177 16 
177 163 
177 165 
177 166 
177 167 
177 168 
177 171 
177 172 
177 173 
177 209 
177 210 
177 326 
177 327 
177 328 
177 402 
177 403 
177 404 
177 474 
178 179 
178 180 
178 181 
179 178 
179 224 
179 360 
179 361 
179 362 
180 71 
180 178 
180 273 
180 303 
181 178 
181 261 
181 262 
181 264 
181 266 
181 267 
181 468 
181 647 
181 648 
182 183 
182 184 
182 185 
182 186 
183 182 
183 184 
183 185 
183 186 
183 286 
183 289 
183 290 
183 292 
183 293 
183 294 
183 338 
183 341 
183 368 
183 369 
183 370 
183 371 
183 372 
184 182 
184 183 
184 185 
184 186 
184 188 
184 190 
184 286 
184 287 
184 289 
184 291 
184 292 
184 338 
184 340 
184 341 
184 364 
184 365 
184 368 
184 369 
184 370 
184 371 
184 539 
184 540 
184 541 
184 543 
184 544 
185 182 
185 183 
185 184 
185 186 
185 292 
185 293 
185 368 
185 370 
185 470 
185 493 
185 616 
186 182 
186 183 
186 184 
186 185 
186 187 
186 292 
186 293 
186 370 
186 476 
186 543 
187 186 
187 188 
187 189 
187 190 
188 184 
188 187 
188 288 
188 292 
188 341 
188 364 
188 365 
188 372 
188 379 
188 476 
188 492 
188 493 
188 540 
189 187 
189 190 
189 340 
189 341 
189 342 
189 343 
189 377 
189 378 
189 380 
189 381 
189 383 
189 385 
189 386 
189 476 
189 539 
189 541 
190 184 
190 187 
190 189 
190 339 
190 340 
190 341 
190 342 
190 343 
190 369 
190 377 
190 378 
190 380 
190 381 
190 382 
190 383 
190 384 
190 385 
190 386 
190 476 
190 539 
190 541 
190 628 
191 193 
191 214 
191 257 
191 443 
191 444 
191 445 
191 446 
192 214 
192 257 
192 318 
192 598 
193 191 
193 214 
194 199 
194 200 
194 421 
195 25 
195 26 
195 27 
195 28 
195 29 
196 478 
197 198 
197 199 
197 200 
197 201 
197 202 
197 203 
197 204 
197 205 
198 197 
198 199 
198 200 
198 201 
198 202 
198 203 
198 204 
198 205 
199 194 
199 197 
199 198 
199 200 
199 204 
199 205 
199 455 
200 194 
200 197 
200 198 
200 199 
200 201 
200 203 
200 204 
200 205 
200 450 
200 475 
201 197 
201 198 
201 200 
201 202 
201 203 
201 204 
202 197 
202 198 
202 201 
202 203 
203 197 
203 198 
203 200 
203 201 
203 202 
204 197 
204 198 
204 199 
204 200 
204 201 
205 197 
205 198 
205 199 
205 200 
205 330 
206 16 
206 17 
206 19 
206 20 
206 21 
206 173 
206 207 
206 208 
206 210 
206 301 
206 302 
206 398 
207 19 
207 20 
207 21 
207 206 
207 301 
208 19 
208 20 
208 21 
208 33 
208 206 
208 301 
209 13 
209 17 
209 164 
209 170 
209 173 
209 174 
209 175 
209 176 
209 177 
209 210 
209 326 
209 327 
209 328 
210 14 
210 17 
210 164 
210 165 
210 166 
210 167 
210 168 
210 172 
210 173 
210 177 
210 206 
210 209 
210 326 
210 327 
210 469 
210 473 
210 474 
210 516 
211 61 
212 51 
212 52 
212 53 
212 213 
212 214 
213 50 
213 51 
213 53 
213 212 
213 256 
213 257 
213 565 
213 566 
213 567 
213 607 
213 608 
214 50 
214 51 
214 52 
214 53 
214 191 
214 192 
214 193 
214 212 
214 256 
214 257 
214 269 
214 443 
214 446 
214 505 
214 565 
214 566 
214 567 
214 607 
214 608 
215 216 
215 389 
216 215 
216 389 
217 130 
217 131 
217 136 
217 140 
217 146 
218 75 
218 107 
218 130 
218 623 
219 130 
219 132 
219 134 
219 136 
219 137 
220 119 
220 395 
220 397 
220 427 
221 458 
221 460 
221 638 
221 639 
221 646 
222 223 
222 224 
222 225 
222 226 
222 227 
222 228 
222 229 
223 222 
223 225 
223 227 
223 228 
223 229 
224 179 
224 222 
224 225 
224 361 
224 362 
224 454 
225 222 
225 223 
225 224 
225 226 
225 227 
225 228 
225 229 
226 222 
226 225 
226 227 
227 222 
227 223 
227 225 
227 226 
227 228 
227 229 
228 222 
228 223 
228 225 
228 227 
228 229 
229 222 
229 223 
229 225 
229 227 
229 228 
230 242 
230 246 
230 247 
231 232 
231 233 
231 234 
231 235 
231 236 
231 237 
231 238 
232 231 
232 235 
232 236 
232 237 
232 438 
232 439 
233 231 
233 235 
233 236 
233 237 
233 438 
233 439 
234 231 
234 235 
234 237 
234 439 
235 231 
235 232 
235 233 
235 234 
235 439 
236 231 
236 232 
236 233 
236 438 
236 439 
237 231 
237 232 
237 233 
237 234 
237 439 
238 231 
238 394 
238 439 
238 537 
238 626 
238 644 
239 79 
239 84 
239 86 
239 90 
239 91 
239 93 
239 617 
240 544 
241 242 
241 243 
241 244 
241 245 
242 230 
242 241 
242 243 
242 244 
242 245 
242 246 
242 258 
242 259 
242 281 
242 366 
242 367 
242 466 
242 518 
242 519 
242 520 
242 521 
242 522 
243 1 
243 241 
243 242 
243 244 
243 300 
243 366 
243 367 
243 401 
243 466 
243 518 
243 519 
243 520 
243 547 
243 548 
243 549 
243 550 
243 584 
243 585 
244 241 
244 242 
244 243 
244 245 
244 366 
244 367 
244 466 
244 500 
244 548 
244 549 
244 563 
245 241 
245 242 
245 244 
245 500 
245 548 
245 549 
245 563 
246 230 
246 242 
246 247 
247 0 
247 230 
247 246 
247 367 
247 411 
247 441 
247 462 
247 466 
247 559 
247 560 
248 249 
248 250 
248 251 
248 252 
248 253 
248 254 
249 248 
249 254 
249 322 
250 248 
250 254 
250 322 
250 568 
251 248 
251 254 
252 32 
252 248 
252 289 
252 470 
252 471 
252 545 
252 615 
252 616 
253 248 
253 254 
254 248 
254 249 
254 250 
254 251 
254 253 
254 322 
254 543 
254 568 
255 363 
256 52 
256 53 
256 213 
256 214 
256 257 
257 50 
257 51 
257 52 
257 53 
257 191 
257 192 
257 213 
257 214 
257 256 
257 344 
257 345 
257 346 
257 348 
257 349 
257 350 
257 352 
257 353 
257 607 
257 608 
258 242 
258 259 
259 242 
259 258 
260 261 
260 262 
260 263 
260 264 
260 265 
260 266 
260 267 
260 268 
261 181 
261 260 
261 267 
261 268 
261 299 
262 181 
262 260 
262 265 
262 266 
262 267 
262 299 
262 583 
263 260 
264 181 
264 260 
264 266 
264 647 
264 648 
265 260 
265 262 
265 267 
265 268 
265 299 
265 583 
265 622 
265 627 
266 181 
266 260 
266 262 
266 264 
266 267 
266 268 
266 627 
266 647 
266 648 
267 181 
267 260 
267 261 
267 262 
267 265 
267 266 
267 268 
267 299 
268 260 
268 261 
268 265 
268 266 
268 267 
268 583 
268 622 
268 627 
269 214 
270 148 
270 149 
270 150 
270 151 
270 271 
270 272 
270 273 
270 274 
270 275 
271 148 
271 149 
271 150 
271 151 
271 270 
272 148 
272 150 
272 270 
272 273 
272 275 
273 148 
273 149 
273 180 
273 270 
273 272 
273 275 
274 148 
274 149 
274 150 
274 270 
275 148 
275 150 
275 270 
275 272 
275 273 
275 651 
276 277 
276 278 
276 279 
276 280 
277 276 
277 279 
277 280 
278 276 
279 276 
279 277 
279 280 
279 330 
280 276 
280 277 
280 279 
281 242 
282 5 
282 283 
282 284 
282 285 
283 282 
283 284 
284 6 
284 282 
284 283 
284 452 
285 282 
285 374 
285 477 
285 573 
286 183 
286 184 
286 287 
286 288 
286 289 
286 290 
286 291 
286 292 
286 293 
286 294 
287 184 
287 286 
287 289 
287 292 
288 188 
288 286 
288 292 
288 364 
288 365 
289 183 
289 184 
289 252 
289 286 
289 287 
289 290 
289 291 
289 292 
289 294 
289 338 
290 183 
290 286 
290 289 
290 294 
290 335 
291 184 
291 286 
291 289 
291 292 
292 183 
292 184 
292 185 
292 186 
292 188 
292 286 
292 287 
292 288 
292 289 
292 291 
292 338 
292 341 
292 343 
292 364 
292 368 
292 369 
292 371 
292 372 
292 379 
292 385 
292 492 
292 540 
292 633 
293 183 
293 185 
293 186 
293 286 
293 493 
294 183 
294 286 
294 289 
294 290 
294 322 
295 296 
295 297 
295 298 
296 295 
296 297 
296 298 
296 390 
296 391 
296 392 
296 408 
297 295 
297 296 
297 298 
297 390 
297 391 
297 392 
297 589 
298 295 
298 296 
298 297 
298 390 
298 391 
298 392 
298 589 
299 261 
299 262 
299 265 
299 267 
299 622 
300 243 
300 520 
300 522 
301 13 
301 17 
301 20 
301 21 
301 23 
301 171 
301 206 
301 207 
301 208 
301 402 
301 403 
301 404 
302 13 
302 14 
302 16 
302 20 
302 206 
302 400 
303 180 
303 304 
303 305 
303 306 
303 307 
304 55 
304 303 
304 307 
304 335 
304 635 
305 303 
305 525 
305 528 
305 529 
305 530 
306 161 
306 303 
307 303 
307 304 
308 309 
308 310 
308 311 
308 312 
308 313 
308 314 
308 315 
308 316 
308 317 
309 308 
309 310 
309 312 
309 314 
309 316 
309 431 
310 308 
310 309 
310 312 
310 313 
310 314 
310 316 
310 430 
310 531 
310 532 
310 533 
310 534 
311 308 
311 313 
311 358 
312 308 
312 309 
312 310 
312 313 
312 314 
313 308 
313 310 
313 311 
313 312 
313 315 
313 317 
313 355 
313 356 
313 357 
313 358 
314 117 
314 308 
314 309 
314 310 
314 312 
314 316 
314 430 
314 431 
314 531 
314 532 
314 533 
314 534 
314 599 
314 649 
315 308 
315 313 
315 355 
315 356 
315 358 
316 308 
316 309 
316 310 
316 314 
317 308 
317 313 
317 355 
317 358 
317 620 
318 6 
318 192 
318 319 
318 320 
318 321 
319 6 
319 318 
319 320 
319 321 
319 598 
319 642 
320 6 
320 318 
320 319 
320 321 
320 598 
321 318 
321 319 
321 320 
321 421 
321 422 
321 423 
321 424 
321 426 
321 447 
321 448 
322 249 
322 250 
322 254 
322 294 
322 568 
323 66 
323 71 
323 72 
323 324 
323 325 
324 66 
324 68 
324 69 
324 72 
324 323 
324 325 
324 574 
325 66 
325 68 
325 69 
325 71 
325 72 
325 323 
325 324 
325 574 
325 575 
325 636 
326 17 
326 169 
326 175 
326 177 
326 209 
326 210 
327 17 
327 177 
327 209 
327 210 
328 13 
328 173 
328 177 
328 209 
328 398 
329 330 
329 331 
329 332 
329 333 
330 205 
330 279 
330 329 
330 452 
331 329 
331 511 
331 512 
331 513 
331 514 
331 515 
332 329 
332 551 
332 553 
332 554 
332 555 
332 556 
332 557 
332 586 
333 113 
333 329 
333 619 
334 335 
334 336 
334 337 
335 127 
335 290 
335 304 
335 334 
335 451 
335 502 
336 334 
336 428 
336 660 
337 55 
337 62 
337 334 
337 662 
338 183 
338 184 
338 289 
338 292 
339 190 
339 340 
339 341 
339 342 
339 343 
340 184 
340 189 
340 190 
340 339 
340 341 
340 342 
340 343 
340 371 
340 377 
340 378 
340 379 
340 380 
340 381 
340 382 
340 383 
340 384 
340 385 
340 386 
341 183 
341 184 
341 188 
341 189 
341 190 
341 292 
341 339 
341 340 
341 364 
341 369 
341 372 
341 378 
341 382 
341 383 
341 384 
341 492 
341 539 
341 540 
341 541 
342 189 
342 190 
342 339 
342 340 
342 382 
342 384 
342 633 
343 189 
343 190 
343 292 
343 339 
343 340 
343 378 
343 382 
343 383 
343 384 
343 493 
344 50 
344 51 
344 53 
344 257 
345 50 
345 51 
345 53 
345 257 
346 50 
346 53 
346 257 
346 495 
347 50 
347 51 
347 52 
347 53 
348 50 
348 51 
348 53 
348 257 
349 50 
349 53 
349 257 
349 495 
350 50 
350 53 
350 257 
350 495 
351 50 
351 51 
351 52 
351 53 
352 50 
352 53 
352 257 
352 495 
353 50 
353 51 
353 53 
353 257 
354 50 
354 51 
354 52 
354 53 
355 313 
355 315 
355 317 
355 356 
356 313 
356 315 
356 355 
356 357 
356 359 
357 313 
357 356 
357 358 
357 359 
358 311 
358 313 
358 315 
358 317 
358 357 
358 359 
359 356 
359 357 
359 358 
359 484 
359 485 
359 486 
359 487 
359 488 
359 649 
359 650 
360 179 
360 361 
360 454 
361 179 
361 224 
361 360 
361 362 
361 454 
362 179 
362 224 
362 361 
363 255 
363 456 
363 458 
363 460 
363 523 
363 524 
363 610 
363 621 
364 184 
364 188 
364 288 
364 292 
364 341 
364 365 
364 379 
364 492 
364 493 
365 184 
365 188 
365 288 
365 364 
365 492 
366 242 
366 243 
366 244 
366 367 
367 242 
367 243 
367 244 
367 247 
367 366 
367 457 
367 462 
367 463 
367 465 
367 547 
367 548 
367 549 
368 183 
368 184 
368 185 
368 292 
369 183 
369 184 
369 190 
369 292 
369 341 
370 183 
370 184 
370 185 
370 186 
371 183 
371 184 
371 292 
371 340 
372 183 
372 188 
372 292 
372 341 
373 156 
374 113 
374 285 
374 375 
374 376 
375 374 
375 376 
376 374 
376 375 
377 189 
377 190 
377 340 
378 189 
378 190 
378 340 
378 341 
378 343 
379 188 
379 292 
379 340 
379 364 
380 189 
380 190 
380 340 
381 189 
381 190 
381 340 
382 190 
382 340 
382 341 
382 342 
382 343 
383 189 
383 190 
383 340 
383 341 
383 343 
384 190 
384 340 
384 341 
384 342 
384 343 
385 189 
385 190 
385 292 
385 340 
386 189 
386 190 
386 340 
387 388 
387 389 
388 387 
388 389 
388 480 
389 215 
389 216 
389 387 
389 388 
389 494 
390 296 
390 297 
390 298 
390 391 
390 392 
391 296 
391 297 
391 298 
391 390 
391 392 
391 589 
392 296 
392 297 
392 298 
392 390 
392 391 
392 408 
392 589 
393 394 
393 395 
393 396 
393 397 
394 120 
394 238 
394 393 
394 396 
394 397 
394 499 
394 535 
394 536 
394 537 
394 538 
395 119 
395 120 
395 220 
395 393 
395 396 
395 397 
396 393 
396 394 
396 395 
396 397 
397 119 
397 120 
397 220 
397 393 
397 394 
397 395 
397 396 
397 399 
398 13 
398 17 
398 173 
398 206 
398 328 
399 119 
399 120 
399 121 
399 397 
400 13 
400 17 
400 23 
400 302 
401 243 
402 14 
402 17 
402 21 
402 177 
402 301 
403 14 
403 17 
403 21 
403 177 
403 301 
404 14 
404 17 
404 21 
404 177 
404 301 
405 105 
405 106 
405 107 
405 108 
405 109 
405 406 
405 407 
405 408 
406 105 
406 405 
406 407 
406 408 
406 491 
407 105 
407 107 
407 405 
407 406 
407 491 
408 105 
408 107 
408 109 
408 296 
408 392 
408 405 
408 406 
409 45 
410 571 
411 247 
412 413 
412 414 
412 415 
412 416 
412 417 
412 418 
412 419 
413 412 
413 414 
413 415 
413 416 
413 417 
413 418 
413 419 
413 506 
413 507 
413 508 
413 509 
413 510 
414 412 
414 413 
414 415 
414 419 
414 546 
415 412 
415 413 
415 414 
415 416 
415 417 
415 419 
415 546 
416 412 
416 413 
416 415 
416 417 
416 419 
416 546 
417 412 
417 413 
417 415 
417 416 
417 506 
417 507 
417 508 
417 509 
417 546 
418 412 
418 413 
418 510 
418 546 
419 412 
419 413 
419 414 
419 415 
419 416 
419 506 
419 507 
419 508 
419 509 
419 510 
419 546 
420 421 
420 422 
420 423 
420 424 
420 425 
420 426 
421 194 
421 321 
421 420 
421 422 
421 423 
421 424 
421 425 
421 447 
421 448 
422 321 
422 420 
422 421 
422 424 
422 425 
422 426 
422 447 
422 448 
423 321 
423 420 
423 421 
423 424 
423 425 
423 447 
424 321 
424 420 
424 421 
424 422 
424 423 
424 425 
424 426 
424 447 
425 420 
425 421 
425 422 
425 423 
425 424 
425 447 
425 448 
426 321 
426 420 
426 422 
426 424 
426 447 
427 220 
427 428 
427 429 
428 336 
428 427 
428 429 
428 468 
429 427 
429 428 
430 310 
430 314 
430 431 
430 432 
431 309 
431 314 
431 430 
431 532 
431 596 
431 599 
432 430 
432 599 
433 28 
433 434 
433 435 
433 436 
433 437 
434 26 
434 28 
434 31 
434 433 
434 435 
434 436 
434 437 
434 503 
434 504 
434 576 
434 602 
434 603 
435 27 
435 28 
435 31 
435 433 
435 434 
435 436 
435 437 
435 504 
435 577 
435 579 
435 580 
435 602 
435 603 
436 26 
436 27 
436 28 
436 433 
436 434 
436 435 
436 437 
436 504 
436 579 
436 580 
436 602 
436 603 
437 28 
437 433 
437 434 
437 435 
437 436 
437 503 
437 602 
437 603 
438 232 
438 233 
438 236 
438 439 
439 232 
439 233 
439 234 
439 235 
439 236 
439 237 
439 238 
439 438 
440 462 
441 247 
441 462 
441 463 
441 465 
442 544 
443 191 
443 214 
444 53 
444 191 
444 598 
445 53 
445 191 
445 598 
446 191 
446 214 
447 321 
447 421 
447 422 
447 423 
447 424 
447 425 
447 426 
447 448 
448 321 
448 421 
448 422 
448 425 
448 447 
449 111 
449 112 
449 113 
449 114 
449 115 
449 116 
449 117 
449 450 
450 200 
450 449 
450 571 
450 611 
451 126 
451 127 
451 335 
452 284 
452 330 
452 495 
452 496 
452 497 
452 498 
452 517 
452 630 
453 454 
454 224 
454 360 
454 361 
454 453 
455 199 
455 475 
456 363 
456 457 
456 458 
456 459 
456 460 
456 461 
457 148 
457 367 
457 456 
457 461 
458 221 
458 363 
458 456 
458 459 
458 460 
458 461 
458 523 
458 524 
458 609 
458 610 
458 621 
458 639 
458 646 
459 456 
459 458 
459 460 
459 461 
459 524 
460 221 
460 363 
460 456 
460 458 
460 459 
460 461 
460 523 
460 524 
460 609 
460 610 
460 638 
461 456 
461 457 
461 458 
461 459 
461 460 
461 524 
461 610 
461 621 
461 639 
462 247 
462 367 
462 440 
462 441 
462 463 
462 464 
462 465 
462 466 
462 467 
463 0 
463 367 
463 441 
463 462 
464 462 
464 467 
465 0 
465 367 
465 441 
465 462 
466 242 
466 243 
466 244 
466 247 
466 462 
467 462 
467 464 
468 181 
468 428 
469 165 
469 166 
469 167 
469 168 
469 172 
469 210 
469 472 
469 473 
469 474 
469 605 
469 606 
470 185 
470 252 
470 471 
471 32 
471 252 
471 470 
471 545 
471 615 
471 616 
472 469 
472 473 
472 474 
473 210 
473 469 
473 472 
473 474 
473 516 
473 605 
473 606 
474 177 
474 210 
474 469 
474 472 
474 473 
474 516 
474 605 
474 606 
475 200 
475 455 
476 186 
476 188 
476 189 
476 190 
477 285 
477 573 
478 113 
478 196 
478 479 
478 480 
478 481 
479 113 
479 122 
479 124 
479 478 
479 481 
479 571 
479 611 
480 113 
480 388 
480 478 
480 571 
480 587 
480 588 
480 611 
480 612 
480 640 
480 663 
481 113 
481 123 
481 478 
481 479 
481 571 
481 572 
481 611 
481 664 
482 55 
482 59 
482 483 
482 591 
482 592 
482 594 
482 631 
483 55 
483 482 
483 590 
483 591 
483 592 
483 593 
483 594 
483 595 
483 631 
483 635 
484 359 
484 485 
484 486 
484 487 
484 488 
485 359 
485 484 
485 487 
485 488 
486 359 
486 484 
486 488 
487 359 
487 484 
487 485 
487 488 
488 359 
488 484 
488 485 
488 486 
488 487 
488 620 
489 105 
489 106 
489 107 
489 108 
489 109 
489 491 
490 105 
490 107 
490 108 
490 491 
491 105 
491 106 
491 107 
491 108 
491 109 
491 406 
491 407 
491 489 
491 490 
492 188 
492 292 
492 341 
492 364 
492 365 
493 185 
493 188 
493 293 
493 343 
493 364 
494 389 
495 52 
495 346 
495 349 
495 350 
495 352 
495 452 
495 496 
495 497 
495 498 
495 499 
496 113 
496 452 
496 495 
496 517 
497 113 
497 452 
497 495 
497 517 
498 452 
498 495 
498 517 
499 394 
499 495 
499 517 
499 535 
499 624 
499 645 
500 244 
500 245 
500 563 
501 126 
501 502 
502 126 
502 335 
502 501 
503 25 
503 26 
503 32 
503 434 
503 437 
503 504 
504 31 
504 32 
504 434 
504 435 
504 436 
504 503 
505 214 
506 413 
506 417 
506 419 
507 413 
507 417 
507 419 
507 509 
508 413 
508 417 
508 419 
508 509 
509 413 
509 417 
509 419 
509 507 
509 508 
509 561 
509 562 
509 570 
509 658 
509 659 
510 413 
510 418 
510 419 
510 546 
511 331 
511 512 
511 513 
511 514 
511 515 
512 331 
512 511 
512 513 
512 514 
512 569 
513 331 
513 511 
513 512 
513 514 
513 515 
514 331 
514 511 
514 512 
514 513 
514 515 
515 331 
515 511 
515 513 
515 514 
516 168 
516 210 
516 473 
516 474 
517 142 
517 452 
517 496 
517 497 
517 498 
517 499 
517 629 
517 630 
518 242 
518 243 
519 1 
519 242 
519 243 
519 520 
519 547 
519 548 
519 549 
519 550 
520 242 
520 243 
520 300 
520 519 
521 242 
522 242 
522 300 
523 363 
523 458 
523 460 
523 524 
524 363 
524 458 
524 459 
524 460 
524 461 
524 523 
524 609 
524 610 
524 638 
525 305 
525 526 
525 527 
525 528 
525 529 
525 530 
526 525 
526 527 
526 528 
526 529 
526 530 
527 525 
527 526 
527 528 
527 529 
527 530 
528 305 
528 525 
528 526 
528 527 
528 529 
528 530 
529 305 
529 525 
529 526 
529 527 
529 528 
529 530 
530 305 
530 525 
530 526 
530 527 
530 528 
530 529 
531 310 
531 314 
531 532 
531 534 
531 558 
532 310 
532 314 
532 431 
532 531 
532 534 
532 537 
532 649 
533 310 
533 314 
533 599 
534 310 
534 314 
534 531 
534 532 
535 394 
535 499 
535 562 
535 564 
536 162 
536 394 
536 618 
537 238 
537 394 
537 532 
537 626 
537 644 
538 394 
539 184 
539 189 
539 190 
539 341 
540 184 
540 188 
540 292 
540 341 
541 184 
541 189 
541 190 
541 341 
542 42 
542 46 
543 184 
543 186 
543 254 
543 544 
543 545 
544 184 
544 240 
544 442 
544 543 
545 32 
545 252 
545 471 
545 543 
545 616 
546 414 
546 415 
546 416 
546 417 
546 418 
546 419 
546 510 
547 243 
547 367 
547 519 
548 243 
548 244 
548 245 
548 367 
548 519 
549 243 
549 244 
549 245 
549 367 
549 519 
550 243 
550 519 
551 332 
551 552 
551 553 
551 554 
551 555 
551 556 
551 557 
552 551 
552 553 
552 554 
552 555 
552 556 
553 332 
553 551 
553 552 
553 554 
553 555 
553 556 
553 557 
553 586 
554 332 
554 551 
554 552 
554 553 
554 555 
554 556 
554 557 
554 586 
554 596 
555 332 
555 551 
555 552 
555 553 
555 554 
555 556 
555 586 
556 332 
556 551 
556 552 
556 553 
556 554 
556 555 
556 557 
556 586 
557 332 
557 551 
557 553 
557 554 
557 556 
558 116 
558 531 
559 247 
560 247 
561 509 
561 562 
562 509 
562 535 
562 561 
562 570 
562 658 
562 659 
563 244 
563 245 
563 500 
564 535 
564 604 
565 51 
565 52 
565 53 
565 213 
565 214 
566 51 
566 52 
566 53 
566 213 
566 214 
567 51 
567 52 
567 53 
567 213 
567 214 
568 250 
568 254 
568 322 
569 101 
569 512 
570 509 
570 562 
571 113 
571 410 
571 450 
571 479 
571 480 
571 481 
571 572 
572 481 
572 571 
572 611 
573 285 
573 477 
574 66 
574 67 
574 69 
574 324 
574 325 
575 66 
575 68 
575 69 
575 72 
575 325 
575 636 
576 25 
576 26 
576 28 
576 434 
576 577 
577 25 
577 26 
577 27 
577 28 
577 29 
577 435 
577 576 
577 578 
577 579 
577 580 
578 25 
578 26 
578 27 
578 28 
578 577 
579 25 
579 26 
579 435 
579 436 
579 577 
580 25 
580 26 
580 435 
580 436 
580 577 
581 25 
581 26 
581 27 
581 28 
581 29 
582 25 
582 26 
582 27 
582 28 
582 29 
583 262 
583 265 
583 268 
584 243 
585 243 
586 332 
586 553 
586 554 
586 555 
586 556 
587 98 
587 99 
587 100 
587 102 
587 480 
588 44 
588 46 
588 75 
588 480 
588 641 
589 297 
589 298 
589 391 
589 392 
590 483 
590 591 
590 592 
590 593 
590 594 
590 595 
591 482 
591 483 
591 590 
591 592 
591 593 
591 594 
591 634 
592 482 
592 483 
592 590 
592 591 
592 593 
592 594 
592 595 
592 631 
593 483 
593 590 
593 591 
593 592 
593 594 
593 595 
593 631 
594 482 
594 483 
594 590 
594 591 
594 592 
594 593 
594 631 
595 483 
595 590 
595 592 
595 593 
595 631 
596 431 
596 554 
597 6 
598 6 
598 192 
598 319 
598 320 
598 444 
598 445 
599 314 
599 431 
599 432 
599 533 
600 161 
600 601 
601 57 
601 161 
601 600 
601 632 
602 28 
602 434 
602 435 
602 436 
602 437 
603 28 
603 434 
603 435 
603 436 
603 437 
604 564 
605 469 
605 473 
605 474 
606 469 
606 473 
606 474 
607 52 
607 53 
607 213 
607 214 
607 257 
608 52 
608 53 
608 213 
608 214 
608 257 
609 458 
609 460 
609 524 
609 610 
610 363 
610 458 
610 460 
610 461 
610 524 
610 609 
610 621 
611 113 
611 450 
611 479 
611 480 
611 481 
611 572 
612 480 
613 143 
613 614 
614 613 
614 652 
615 252 
615 471 
615 616 
616 185 
616 252 
616 471 
616 545 
616 615 
617 84 
617 86 
617 89 
617 90 
617 91 
617 239 
617 654 
617 656 
617 657 
617 661 
618 162 
618 536 
619 333 
620 317 
620 488 
621 363 
621 458 
621 461 
621 610 
622 265 
622 268 
622 299 
622 627 
623 100 
623 218 
624 499 
624 625 
624 626 
625 34 
625 624 
625 643 
625 644 
626 238 
626 537 
626 624 
626 644 
627 265 
627 266 
627 268 
627 622 
628 190 
629 517 
630 71 
630 452 
630 517 
631 482 
631 483 
631 592 
631 593 
631 594 
631 595 
632 57 
632 58 
632 161 
632 601 
633 292 
633 342 
634 63 
634 591 
634 635 
635 63 
635 304 
635 483 
635 634 
636 68 
636 70 
636 72 
636 325 
636 575 
637 638 
637 639 
638 221 
638 460 
638 524 
638 637 
638 639 
638 646 
639 221 
639 458 
639 461 
639 637 
639 638 
639 646 
639 653 
640 113 
640 480 
641 89 
641 588 
642 319 
643 625 
644 238 
644 537 
644 625 
644 626 
645 499 
646 221 
646 458 
646 638 
646 639 
646 653 
647 181 
647 264 
647 266 
648 181 
648 264 
648 266 
649 314 
649 359 
649 532 
650 359 
650 655 
651 275 
652 143 
652 614 
653 639 
653 646 
654 87 
654 89 
654 617 
654 656 
654 657 
655 650 
656 617 
656 654 
656 657 
657 89 
657 617 
657 654 
657 656 
657 661 
658 509 
658 562 
659 509 
659 562 
660 336 
661 89 
661 92 
661 617 
661 657 
662 337 
663 480 
664 481 
