0 326
0 377
0 579
0 584
0 585
0 586
0 636
0 818
1 2
1 3
1 4
1 5
1 6
1 7
1 8
1 9
2 1
2 7
2 9
3 1
3 6
3 171
3 651
4 1
4 378
5 1
5 84
5 380
5 416
5 417
5 418
5 763
5 764
6 1
6 3
7 1
7 2
7 8
7 9
8 1
8 7
8 9
9 1
9 2
9 7
9 8
10 11
10 12
10 13
10 14
10 15
10 16
11 10
11 12
11 13
11 230
11 234
12 10
12 11
12 13
12 14
12 16
12 17
12 18
12 19
12 20
12 21
12 22
12 220
12 234
12 278
12 395
12 396
12 426
12 522
12 524
13 10
13 11
13 12
13 16
13 228
13 234
13 279
13 396
13 525
13 526
13 527
14 10
14 12
14 17
14 21
14 22
14 40
15 10
15 21
15 234
15 274
15 396
16 10
16 12
16 13
16 18
16 226
16 227
16 228
16 230
16 231
16 232
16 233
16 274
16 278
16 279
16 395
16 424
16 425
16 522
16 524
16 525
16 526
16 527
17 12
17 14
17 18
17 19
17 20
17 21
17 22
18 12
18 16
18 17
18 22
18 274
18 275
18 276
19 12
19 17
19 20
19 21
19 274
19 275
19 276
19 395
19 396
20 12
20 17
20 19
20 21
20 22
20 228
20 274
20 275
20 276
20 395
20 525
20 526
20 527
21 12
21 14
21 15
21 17
21 19
21 20
21 22
21 37
21 40
22 12
22 14
22 17
22 18
22 20
22 21
22 37
22 40
22 226
22 395
22 524
23 24
23 25
23 26
23 27
23 28
24 23
24 25
24 26
24 27
24 28
24 260
24 677
24 745
24 746
24 747
24 748
24 749
24 750
24 751
25 23
25 24
25 26
25 28
25 260
25 588
25 590
25 677
25 745
25 746
25 747
25 748
25 749
25 750
25 751
26 23
26 24
26 25
26 28
26 260
26 589
26 590
26 746
26 747
26 750
26 751
27 23
27 24
27 28
27 260
27 587
27 588
27 589
27 590
27 591
27 745
27 746
27 747
27 750
27 751
27 769
27 770
28 23
28 24
28 25
28 26
28 27
28 260
28 746
28 750
28 751
29 30
29 31
29 32
30 29
30 31
30 629
30 630
30 631
31 29
31 30
31 32
31 427
31 446
31 447
31 448
31 449
31 544
31 546
31 549
31 551
31 552
31 580
31 629
31 631
31 802
31 803
32 29
32 31
32 427
32 447
32 448
32 449
32 544
32 546
32 549
32 552
32 580
32 629
32 701
32 802
33 34
34 33
34 103
34 104
34 105
34 106
34 107
34 108
34 109
34 110
34 111
34 112
34 113
34 132
34 177
34 264
34 287
34 288
34 313
34 317
34 318
34 766
34 793
35 341
36 792
37 21
37 22
37 38
37 39
37 40
38 37
38 588
38 589
38 678
39 37
39 322
39 632
39 677
39 678
39 716
40 14
40 21
40 22
40 37
40 276
41 142
42 809
43 44
43 45
43 46
43 47
43 48
43 49
43 50
43 51
43 52
43 53
43 54
43 55
43 56
44 43
44 46
44 47
44 48
44 49
44 50
44 52
44 53
44 302
44 346
44 347
44 729
44 730
44 731
45 43
45 47
45 53
45 346
45 347
45 571
45 623
45 729
45 730
45 731
46 43
46 44
46 302
46 346
47 43
47 44
47 45
47 53
47 54
47 303
47 346
47 347
47 348
47 349
47 729
47 730
47 731
48 43
48 44
48 302
48 346
49 43
49 44
49 302
49 346
50 43
50 44
50 302
50 346
51 43
51 52
51 53
51 302
51 348
52 43
52 44
52 51
52 55
52 56
52 302
52 346
52 729
52 730
52 731
53 43
53 44
53 45
53 47
53 51
53 54
53 55
53 56
53 301
53 302
53 303
53 343
53 344
53 346
53 347
53 348
53 349
53 515
53 516
53 571
53 729
53 730
53 731
53 792
54 43
54 47
54 53
54 346
54 347
55 43
55 52
55 53
55 302
55 348
56 43
56 52
56 53
56 301
57 58
57 59
57 60
57 61
57 62
58 57
58 59
58 60
58 61
58 62
58 534
58 569
58 570
59 57
59 58
59 60
59 61
59 62
59 569
60 57
60 58
60 59
60 61
60 62
60 569
61 57
61 58
61 59
61 60
61 62
61 569
62 57
62 58
62 59
62 60
62 61
62 171
62 172
62 173
62 569
62 861
63 160
63 476
64 65
64 66
64 67
64 68
64 69
64 70
64 71
65 64
65 66
65 68
65 69
65 70
65 71
65 99
65 101
65 714
66 64
66 65
66 67
66 68
66 69
66 70
66 71
67 64
67 66
67 68
67 69
67 70
67 98
67 99
67 100
67 101
67 102
67 754
68 64
68 65
68 66
68 67
68 69
68 70
68 71
68 101
68 538
69 64
69 65
69 66
69 67
69 68
69 70
69 99
69 100
69 101
69 102
69 714
69 754
70 64
70 65
70 66
70 67
70 68
70 69
71 64
71 65
71 66
71 68
72 73
72 74
72 75
72 76
73 72
73 74
73 75
73 76
73 283
73 284
73 330
73 455
73 456
73 457
73 458
73 459
73 460
73 461
73 462
73 463
73 464
73 465
74 72
74 73
74 75
74 76
74 282
74 283
74 284
74 330
74 455
74 456
74 458
74 459
74 462
74 464
74 465
74 733
74 734
74 735
75 72
75 73
75 74
75 76
75 282
75 284
75 329
75 330
75 458
75 462
75 465
75 670
75 733
75 734
75 735
75 774
75 775
76 72
76 73
76 74
76 75
76 142
76 282
76 283
76 284
76 329
76 330
76 455
76 456
76 457
76 458
76 459
76 460
76 461
76 462
76 463
76 464
76 465
76 596
76 597
76 733
76 734
76 735
76 774
76 775
77 78
77 79
77 80
77 81
77 82
78 77
78 80
78 81
78 82
78 405
78 445
78 652
78 653
79 77
79 81
80 77
80 78
80 82
80 768
80 819
81 77
81 78
81 79
81 82
81 819
82 77
82 78
82 80
82 81
82 652
83 84
83 85
83 86
83 87
83 88
84 5
84 83
84 280
85 83
86 83
86 157
87 83
87 286
87 445
87 827
88 83
88 821
88 822
89 90
89 91
89 92
89 93
89 94
89 95
89 96
89 97
90 89
90 91
90 92
90 93
90 94
90 95
91 89
91 90
91 92
91 93
91 94
91 95
91 96
91 97
91 421
91 422
91 423
91 743
91 744
92 89
92 90
92 91
92 93
92 95
92 743
93 89
93 90
93 91
93 92
93 94
93 95
93 97
93 422
93 423
93 744
93 823
94 89
94 90
94 91
94 93
94 96
94 97
94 422
94 423
94 743
94 744
95 89
95 90
95 91
95 92
95 93
95 97
95 823
96 89
96 91
96 94
96 97
96 236
96 421
96 423
96 816
97 89
97 91
97 93
97 94
97 95
97 96
97 421
97 422
97 423
97 744
97 823
98 67
98 99
98 100
98 101
98 102
99 65
99 67
99 69
99 98
99 100
99 101
99 102
100 67
100 69
100 98
100 99
100 101
100 102
100 118
100 298
100 754
101 65
101 67
101 68
101 69
101 98
101 99
101 100
102 67
102 69
102 98
102 99
102 100
103 34
103 104
103 105
103 106
103 107
103 108
103 109
103 110
103 111
103 112
103 113
104 34
104 103
104 106
104 108
104 109
104 110
104 113
104 317
104 318
105 34
105 103
106 34
106 103
106 104
107 34
107 103
108 34
108 103
108 104
109 34
109 103
109 104
110 34
110 103
110 104
111 34
111 103
112 34
112 103
113 34
113 103
113 104
114 351
114 354
114 355
114 358
114 360
114 361
114 663
114 666
115 116
115 117
115 118
115 119
115 120
115 121
115 122
115 123
115 124
115 125
115 126
115 127
115 128
115 129
115 130
115 131
116 115
116 117
116 119
116 120
116 122
116 123
116 124
116 125
116 128
116 129
116 131
116 312
117 115
117 116
117 124
117 127
117 129
118 100
118 115
118 473
118 474
118 475
119 115
119 116
119 121
119 127
119 129
120 115
120 116
120 124
120 127
120 129
121 115
121 119
121 124
121 125
121 128
121 129
121 131
121 312
121 798
122 115
122 116
122 129
122 130
123 115
123 116
123 127
123 129
123 131
123 312
123 798
124 115
124 116
124 117
124 120
124 121
124 126
124 127
124 129
124 847
125 115
125 116
125 121
125 127
125 129
126 115
126 124
126 129
126 131
126 798
126 829
126 847
126 852
126 855
127 115
127 117
127 119
127 120
127 123
127 124
127 125
127 128
127 129
127 131
127 312
127 798
128 115
128 116
128 121
128 127
128 129
128 131
128 312
128 798
129 115
129 116
129 117
129 119
129 120
129 121
129 122
129 123
129 124
129 125
129 126
129 127
129 128
129 855
130 115
130 122
130 312
131 115
131 116
131 121
131 123
131 126
131 127
131 128
132 34
133 134
133 135
133 136
133 137
133 138
133 139
133 140
134 133
134 136
134 137
134 138
134 139
134 140
134 211
134 212
134 213
134 214
134 215
134 216
134 217
135 133
135 136
135 137
135 139
136 133
136 134
136 135
136 138
136 139
136 140
136 753
137 133
137 134
137 135
137 138
137 139
137 140
137 753
138 133
138 134
138 136
138 137
138 139
138 140
138 753
138 807
139 133
139 134
139 135
139 136
139 137
139 138
139 140
139 211
139 212
139 213
139 214
139 216
139 217
139 737
140 133
140 134
140 136
140 137
140 138
140 139
140 211
140 212
140 214
140 216
140 753
141 142
142 41
142 76
142 141
142 205
143 144
143 145
143 146
143 147
143 148
144 143
144 146
144 148
144 528
144 529
144 530
144 531
144 660
144 661
144 662
145 143
145 147
145 148
145 528
145 660
145 662
146 143
146 144
146 298
146 528
146 530
146 531
146 660
146 661
146 662
147 143
147 145
147 148
147 528
147 660
147 661
147 662
148 143
148 144
148 145
148 147
148 528
148 531
148 660
148 662
149 150
149 151
149 152
149 153
149 154
149 155
149 156
150 149
150 604
151 149
151 153
151 154
151 604
151 687
152 149
152 155
152 432
152 485
152 604
152 641
152 642
152 643
152 644
152 671
152 672
152 739
152 776
152 828
153 149
153 151
153 604
153 841
154 149
154 151
154 604
155 149
155 152
155 604
155 725
156 149
156 412
156 604
156 825
157 86
157 158
157 159
158 157
158 159
159 157
159 158
160 63
160 161
160 162
160 163
161 160
161 343
161 344
161 350
161 476
161 488
162 160
162 476
163 160
163 476
164 629
165 792
166 167
166 168
166 169
167 166
167 168
167 169
167 281
167 300
167 519
167 521
167 523
168 166
168 167
168 169
168 518
168 519
168 521
168 523
169 166
169 167
169 168
169 281
169 523
170 171
170 172
170 173
171 3
171 62
171 170
171 172
171 642
172 62
172 170
172 171
172 173
172 644
173 62
173 170
173 172
173 642
174 341
175 176
176 175
176 579
177 34
178 179
178 180
179 178
179 180
179 624
179 675
179 676
180 178
180 179
180 444
180 624
181 253
182 183
182 184
182 185
182 186
182 187
182 188
182 189
182 190
182 191
182 192
182 193
182 194
183 182
183 184
183 185
183 190
183 202
184 182
184 183
184 185
184 186
184 188
184 189
184 190
184 191
184 192
184 193
184 194
184 202
184 297
184 298
184 299
185 182
185 183
185 184
185 186
185 187
185 188
185 190
185 193
185 202
185 297
186 182
186 184
186 185
186 187
186 188
186 189
186 190
186 191
186 192
186 299
187 182
187 185
187 186
187 188
187 190
188 182
188 184
188 185
188 186
188 187
188 190
188 191
188 192
188 193
188 299
189 182
189 184
189 186
189 190
189 191
190 182
190 183
190 184
190 185
190 186
190 187
190 188
190 189
190 191
190 192
190 193
190 194
190 202
190 297
190 299
191 182
191 184
191 186
191 188
191 189
191 190
191 299
192 182
192 184
192 186
192 188
192 190
193 182
193 184
193 185
193 188
193 190
194 182
194 184
194 190
194 202
194 297
195 376
195 447
195 503
195 543
196 447
197 198
197 199
197 200
197 201
198 197
198 200
198 201
198 696
199 197
199 207
199 794
199 846
200 197
200 198
200 201
201 197
201 198
201 200
202 183
202 184
202 185
202 190
202 194
202 297
203 204
204 203
204 651
205 142
206 207
206 208
206 209
206 210
207 199
207 206
207 208
207 209
207 210
207 365
207 366
207 367
207 368
207 369
207 370
208 206
208 207
208 209
208 210
208 365
208 366
208 368
208 369
209 206
209 207
209 208
209 210
209 365
209 366
209 367
209 369
209 370
210 206
210 207
210 208
210 209
210 365
210 366
211 134
211 139
211 140
211 212
211 213
211 214
211 216
211 217
212 134
212 139
212 140
212 211
212 213
212 214
212 216
212 217
213 134
213 139
213 211
213 212
213 214
214 134
214 139
214 140
214 211
214 212
214 213
214 217
215 134
215 484
216 134
216 139
216 140
216 211
216 212
217 134
217 139
217 211
217 212
217 214
218 767
218 768
218 819
219 705
219 799
220 12
220 221
220 222
220 223
220 224
220 225
220 226
220 227
220 228
220 229
220 230
220 231
220 232
220 233
220 234
221 220
221 226
221 228
221 230
221 232
221 278
221 279
222 220
222 234
222 279
222 627
223 220
223 234
223 279
223 627
224 220
224 234
224 279
224 627
225 220
225 234
225 279
225 627
225 695
226 16
226 22
226 220
226 221
226 424
227 16
227 220
227 230
227 278
228 13
228 16
228 20
228 220
228 221
228 234
228 395
229 220
229 234
229 279
229 627
230 11
230 16
230 220
230 221
230 227
230 231
230 233
230 234
230 274
230 278
230 279
230 426
230 522
231 16
231 220
231 230
231 278
232 16
232 220
232 221
232 278
232 424
233 16
233 220
233 230
233 278
234 11
234 12
234 13
234 15
234 220
234 222
234 223
234 224
234 225
234 228
234 229
234 230
234 278
234 279
234 424
234 425
234 426
234 525
234 526
234 527
234 635
235 236
236 96
236 235
236 368
236 404
237 238
237 239
237 240
237 241
238 237
238 239
238 240
238 241
238 382
238 385
238 386
238 388
238 389
238 390
238 450
238 453
238 479
238 480
238 481
238 482
238 483
239 237
239 238
239 240
239 241
239 243
239 245
239 382
239 383
239 385
239 387
239 388
239 450
239 452
239 453
239 477
239 478
239 479
239 480
239 481
239 482
239 709
239 710
239 711
239 715
240 237
240 238
240 239
240 241
240 388
240 389
240 479
240 481
240 668
241 237
241 238
241 239
241 240
241 242
241 388
241 389
241 481
241 638
241 715
242 241
242 243
242 244
242 245
243 239
243 242
243 384
243 388
243 453
243 477
243 478
243 483
243 494
243 638
243 667
243 668
243 710
244 242
244 245
244 452
244 453
244 454
244 493
244 495
244 496
244 498
244 500
244 501
244 638
244 709
244 711
245 239
245 242
245 244
245 451
245 452
245 453
245 454
245 480
245 493
245 495
245 496
245 497
245 498
245 499
245 500
245 501
245 638
245 709
245 711
245 814
246 247
246 248
246 249
246 250
247 246
247 249
247 250
247 284
247 330
247 595
247 596
247 597
247 598
247 599
247 600
247 601
248 246
248 284
248 330
248 416
248 601
248 764
249 246
249 247
249 250
249 541
249 595
249 599
249 600
250 246
250 247
250 249
250 284
250 600
251 252
251 253
251 254
251 255
251 256
251 257
251 258
251 259
252 251
252 253
252 255
252 256
252 257
252 259
252 628
253 181
253 251
253 252
253 254
253 255
253 256
253 257
253 259
253 628
253 694
254 251
254 253
254 256
254 257
254 259
255 251
255 252
255 253
255 256
255 257
255 259
255 628
256 251
256 252
256 253
256 254
256 255
256 257
256 259
257 251
257 252
257 253
257 254
257 255
257 256
257 259
257 628
257 795
257 844
258 251
258 267
258 268
258 573
259 251
259 252
259 253
259 254
259 255
259 256
259 257
259 628
260 24
260 25
260 26
260 27
260 28
261 262
261 263
262 261
262 263
262 637
262 697
263 261
263 262
263 641
264 34
265 266
265 267
265 268
265 269
265 270
265 271
265 272
265 273
266 265
266 267
266 268
266 269
266 270
266 271
266 272
266 273
267 258
267 265
267 266
267 268
267 272
267 273
267 626
268 258
268 265
268 266
268 267
268 269
268 271
268 272
268 273
268 605
268 637
269 265
269 266
269 268
269 270
269 271
269 272
270 265
270 266
270 269
270 271
271 265
271 266
271 268
271 269
271 270
272 265
272 266
272 267
272 268
272 269
273 265
273 266
273 267
273 268
273 429
274 15
274 16
274 18
274 19
274 20
274 230
274 275
274 276
274 279
274 395
274 396
274 522
275 18
275 19
275 20
275 274
275 395
276 18
276 19
276 20
276 40
276 274
276 395
277 623
278 12
278 16
278 221
278 227
278 230
278 231
278 232
278 233
278 234
278 279
278 424
278 425
278 426
279 13
279 16
279 221
279 222
279 223
279 224
279 225
279 229
279 230
279 234
279 274
279 278
279 424
279 425
279 627
279 634
279 635
279 695
280 84
280 848
281 167
281 169
281 286
281 300
282 74
282 75
282 76
282 283
282 284
283 73
283 74
283 76
283 282
283 329
283 330
283 733
283 734
283 735
283 774
283 775
283 806
284 73
284 74
284 75
284 76
284 247
284 248
284 250
284 282
284 329
284 330
284 362
284 595
284 599
284 680
284 733
284 734
284 735
284 774
284 775
285 286
286 87
286 281
286 285
287 34
287 793
288 34
289 290
289 291
289 292
289 293
289 294
289 295
289 296
290 289
290 291
290 292
290 293
290 294
290 296
290 508
291 289
291 290
291 292
291 293
291 296
291 504
291 506
291 708
292 289
292 290
292 291
292 293
292 294
292 295
292 504
292 506
292 507
292 708
293 289
293 290
293 291
293 292
293 294
293 295
293 296
293 508
294 289
294 290
294 292
294 293
294 296
295 289
295 292
295 293
295 296
295 504
295 506
295 507
295 708
296 289
296 290
296 291
296 293
296 294
296 295
296 504
296 708
297 184
297 185
297 190
297 194
297 202
298 100
298 146
298 184
298 807
299 184
299 186
299 188
299 190
299 191
300 167
300 281
300 519
300 521
301 53
301 56
301 302
301 303
302 44
302 46
302 48
302 49
302 50
302 51
302 52
302 53
302 55
302 301
302 303
302 342
302 343
302 344
302 345
302 346
302 347
302 348
302 349
302 350
303 47
303 53
303 301
303 302
303 342
303 344
303 346
303 348
304 305
304 306
304 307
304 308
304 309
304 310
304 311
305 304
305 308
305 309
305 310
305 592
305 593
306 304
306 308
306 309
306 310
306 592
306 593
307 304
307 308
307 310
307 593
308 304
308 305
308 306
308 307
308 593
309 304
309 305
309 306
309 592
309 593
310 304
310 305
310 306
310 307
310 593
311 304
311 518
311 593
311 706
311 810
311 832
312 116
312 121
312 123
312 127
312 128
312 130
312 798
313 34
313 793
314 315
314 316
315 314
315 316
315 804
315 850
316 314
316 315
316 850
317 34
317 104
318 34
318 104
319 320
319 321
319 322
319 323
319 324
320 319
320 324
320 420
321 319
321 324
321 420
321 736
322 39
322 319
322 385
322 632
322 716
323 319
323 324
324 319
324 320
324 321
324 323
324 420
324 715
324 736
325 326
326 0
326 325
326 579
326 584
326 833
327 328
327 437
327 439
327 440
328 327
328 436
328 437
328 439
328 440
329 75
329 76
329 283
329 284
329 330
330 73
330 74
330 75
330 76
330 247
330 248
330 283
330 284
330 329
330 455
330 456
330 457
330 459
330 460
330 461
330 463
330 464
330 774
330 775
331 447
332 333
332 334
332 335
332 336
332 337
332 338
333 332
333 334
333 337
333 338
333 594
334 332
334 333
334 335
334 336
334 337
334 338
335 332
335 334
335 336
335 337
335 338
336 332
336 334
336 335
336 337
336 338
337 332
337 333
337 334
337 335
337 336
337 338
338 332
338 333
338 334
338 335
338 336
338 337
338 725
339 340
339 341
340 339
340 341
340 834
341 35
341 174
341 339
341 340
341 601
341 834
342 302
342 303
342 343
342 346
342 347
343 53
343 161
343 302
343 342
343 344
343 345
343 350
343 515
343 516
344 53
344 161
344 302
344 303
344 343
344 345
344 347
344 515
344 516
345 302
345 343
345 344
345 350
346 44
346 45
346 46
346 47
346 48
346 49
346 50
346 52
346 53
346 54
346 302
346 303
346 342
346 347
346 348
346 349
346 515
346 516
346 571
346 600
347 44
347 45
347 47
347 53
347 54
347 302
347 342
347 344
347 346
347 348
347 349
347 571
348 47
348 51
348 53
348 55
348 302
348 303
348 346
348 347
348 571
349 47
349 53
349 302
349 346
349 347
350 161
350 302
350 343
350 345
350 488
351 114
351 352
351 353
351 354
351 355
351 356
351 357
351 358
351 359
351 360
351 361
352 351
352 354
352 355
352 360
353 351
353 354
353 355
353 360
353 639
354 114
354 351
354 352
354 353
354 355
354 356
354 357
354 358
354 359
354 360
354 361
354 645
354 646
354 663
354 664
354 665
354 666
355 114
355 351
355 352
355 353
355 354
355 356
355 357
355 359
355 360
355 663
355 666
356 351
356 354
356 355
356 360
357 351
357 354
357 355
357 360
358 114
358 351
358 354
358 360
359 351
359 354
359 355
359 360
360 114
360 351
360 352
360 353
360 354
360 355
360 356
360 357
360 358
360 359
360 361
360 663
360 666
361 114
361 351
361 354
361 360
362 284
362 363
362 364
363 362
363 364
364 362
364 363
365 207
365 208
365 209
365 210
365 366
365 367
365 368
365 369
365 370
366 207
366 208
366 209
366 210
366 365
367 207
367 209
367 365
367 368
367 370
368 207
368 208
368 236
368 365
368 367
368 370
369 207
369 208
369 209
369 365
370 207
370 209
370 365
370 367
370 368
370 845
371 372
371 373
371 374
371 375
372 371
372 374
372 375
373 371
374 371
374 372
374 375
374 429
375 371
375 372
375 374
376 195
376 447
377 0
378 4
378 379
378 380
378 381
379 378
379 380
380 5
380 378
380 379
380 625
381 378
381 485
381 639
381 741
382 238
382 239
382 383
382 384
382 385
382 386
382 387
382 388
382 389
382 390
383 239
383 382
383 385
383 388
384 243
384 382
384 388
384 477
384 478
385 238
385 239
385 322
385 382
385 383
385 386
385 387
385 388
385 390
385 450
386 238
386 382
386 385
386 390
386 444
387 239
387 382
387 385
387 388
388 238
388 239
388 240
388 241
388 243
388 382
388 383
388 384
388 385
388 387
388 450
388 453
388 454
388 477
388 479
388 480
388 482
388 483
388 494
388 500
388 667
388 710
388 820
389 238
389 240
389 241
389 382
389 668
390 238
390 382
390 385
390 386
390 420
391 392
391 393
391 394
392 391
392 393
392 394
392 509
392 510
392 511
392 531
393 391
393 392
393 394
393 509
393 510
393 511
393 755
394 391
394 392
394 393
394 509
394 510
394 511
394 755
395 12
395 16
395 19
395 20
395 22
395 228
395 274
395 275
395 276
395 525
395 526
395 527
396 12
396 13
396 15
396 19
396 274
396 524
397 398
397 399
397 400
397 401
397 402
398 397
398 399
398 400
398 401
398 402
399 397
399 398
399 400
399 401
399 402
400 397
400 398
400 399
400 401
400 402
400 737
401 397
401 398
401 399
401 400
401 402
402 397
402 398
402 399
402 400
402 401
403 434
403 435
404 236
404 405
405 78
405 404
405 444
405 822
406 407
406 408
406 409
406 410
406 411
406 412
406 413
406 414
406 415
407 406
407 408
407 410
407 412
407 414
407 582
408 406
408 407
408 410
408 411
408 412
408 414
408 581
408 697
408 698
408 699
408 700
409 406
409 411
409 469
410 406
410 407
410 408
410 411
410 412
411 406
411 408
411 409
411 410
411 413
411 415
411 466
411 467
411 468
411 469
412 156
412 406
412 407
412 408
412 410
412 414
412 581
412 582
412 697
412 698
412 699
412 700
412 765
412 842
413 406
413 411
413 466
413 467
413 469
414 406
414 407
414 408
414 412
415 406
415 411
415 466
415 469
415 801
416 5
416 248
416 417
416 418
416 419
417 5
417 416
417 418
417 419
417 764
417 830
418 5
418 416
418 417
418 419
418 764
419 416
419 417
419 418
419 573
419 574
419 575
419 576
419 578
419 602
419 603
420 320
420 321
420 324
420 390
420 736
421 91
421 96
421 97
421 422
421 423
422 91
422 93
422 94
422 97
422 421
422 423
422 743
423 91
423 93
423 94
423 96
423 97
423 421
423 422
423 743
423 744
423 823
424 16
424 226
424 232
424 234
424 278
424 279
425 16
425 234
425 278
425 279
426 12
426 230
426 234
426 278
426 522
427 31
427 32
427 446
427 447
427 449
427 551
427 552
427 580
427 629
427 802
428 429
428 430
428 431
428 432
429 273
429 374
429 428
429 625
430 428
430 689
430 690
430 691
430 692
430 693
431 428
431 718
431 720
431 721
431 722
431 723
431 724
431 752
432 152
432 428
432 800
433 434
433 435
434 403
434 433
434 435
434 472
434 579
434 826
435 403
435 433
435 434
436 328
436 437
436 438
436 439
436 440
436 441
437 327
437 328
437 436
437 438
437 440
438 436
438 437
438 439
438 440
438 441
439 327
439 328
439 436
439 438
439 440
440 327
440 328
440 436
440 437
440 438
440 439
440 441
441 436
441 438
441 440
441 741
442 792
443 444
443 445
444 180
444 386
444 405
444 443
444 624
444 676
445 78
445 87
445 443
445 857
446 31
446 427
446 447
446 448
446 449
447 31
447 32
447 195
447 196
447 331
447 376
447 427
447 446
447 448
447 449
447 502
447 503
447 543
447 544
447 545
447 546
447 547
447 548
447 549
447 550
447 551
447 552
448 31
448 32
448 446
448 447
448 449
448 551
448 552
448 580
448 629
448 630
448 631
448 639
448 701
448 802
449 31
449 32
449 427
449 446
449 447
449 448
449 544
449 546
449 549
449 551
449 580
449 629
449 631
449 701
449 802
450 238
450 239
450 385
450 388
451 245
451 452
451 453
451 454
452 239
452 244
452 245
452 451
452 453
452 454
452 482
452 493
452 494
452 495
452 496
452 497
452 498
452 499
452 500
452 501
453 238
453 239
453 243
453 244
453 245
453 388
453 451
453 452
453 477
453 480
453 483
453 493
453 497
453 498
453 499
453 667
453 709
453 710
453 711
454 244
454 245
454 388
454 451
454 452
454 493
454 497
454 498
454 499
454 668
455 73
455 74
455 76
455 330
456 73
456 74
456 76
456 330
457 73
457 76
457 330
457 670
458 73
458 74
458 75
458 76
459 73
459 74
459 76
459 330
460 73
460 76
460 330
460 670
461 73
461 76
461 330
461 670
462 73
462 74
462 75
462 76
463 73
463 76
463 330
463 670
464 73
464 74
464 76
464 330
465 73
465 74
465 75
465 76
466 411
466 413
466 415
466 467
467 411
467 413
467 466
467 468
467 470
468 411
468 467
468 469
468 470
469 409
469 411
469 413
469 415
469 468
469 470
470 467
470 468
470 469
470 654
470 655
470 656
470 657
470 658
470 842
470 843
471 472
472 434
472 471
472 579
472 858
473 118
473 475
474 118
474 475
475 118
475 473
475 474
476 63
476 161
476 162
476 163
477 239
477 243
477 384
477 388
477 453
477 478
477 494
477 667
477 668
478 239
478 243
478 384
478 477
478 667
479 238
479 239
479 240
479 388
480 238
480 239
480 245
480 388
480 453
481 238
481 239
481 240
481 241
482 238
482 239
482 388
482 452
483 238
483 243
483 388
483 453
484 215
485 152
485 381
485 486
485 487
486 485
486 487
487 485
487 486
488 161
488 350
488 489
488 490
488 491
488 492
489 488
490 488
491 488
492 488
493 244
493 245
493 452
493 453
493 454
494 243
494 388
494 452
494 477
495 244
495 245
495 452
496 244
496 245
496 452
497 245
497 452
497 453
497 454
498 244
498 245
498 452
498 453
498 454
499 245
499 452
499 453
499 454
500 244
500 245
500 388
500 452
501 244
501 245
501 452
502 447
503 195
503 447
504 291
504 292
504 295
504 296
504 505
504 506
504 507
504 508
505 504
505 508
505 643
506 291
506 292
506 295
506 504
506 507
507 292
507 295
507 504
507 506
508 290
508 293
508 504
508 505
508 669
509 392
509 393
509 394
509 510
509 511
510 392
510 393
510 394
510 509
510 511
510 755
511 392
511 393
511 394
511 509
511 510
511 531
511 755
512 513
512 514
513 512
513 514
513 800
514 512
514 513
515 53
515 343
515 344
515 346
516 53
516 343
516 344
516 346
517 518
517 519
517 520
517 521
518 168
518 311
518 517
518 520
518 521
518 674
518 704
518 705
518 706
518 707
519 167
519 168
519 300
519 517
519 520
519 521
520 517
520 518
520 519
520 521
521 167
521 168
521 300
521 517
521 518
521 519
521 520
521 523
522 12
522 16
522 230
522 274
522 426
523 167
523 168
523 169
523 521
524 12
524 16
524 22
524 396
525 13
525 16
525 20
525 234
525 395
526 13
526 16
526 20
526 234
526 395
527 13
527 16
527 20
527 234
527 395
528 144
528 145
528 146
528 147
528 148
528 529
528 530
528 531
529 144
529 528
529 530
529 531
529 662
530 144
530 146
530 528
530 529
530 662
531 144
531 146
531 148
531 392
531 511
531 528
531 529
532 533
532 534
532 535
532 536
532 537
533 532
533 535
533 537
534 58
534 532
534 535
534 537
535 532
535 533
535 534
535 536
535 537
536 532
536 535
536 537
537 532
537 533
537 534
537 535
537 536
538 68
538 539
539 538
539 702
540 541
540 542
541 249
541 540
541 542
541 739
542 540
542 541
543 195
543 447
544 31
544 32
544 447
544 449
544 629
545 447
546 31
546 32
546 447
546 449
546 629
547 447
548 447
549 31
549 32
549 447
549 449
549 629
550 447
551 31
551 427
551 447
551 448
551 449
552 31
552 32
552 427
552 447
552 448
553 554
553 555
553 556
553 557
553 558
553 559
553 560
554 553
554 555
554 556
554 557
554 559
554 560
554 647
554 648
554 649
554 650
555 553
555 554
555 556
555 557
555 560
555 647
555 649
555 650
555 741
556 553
556 554
556 555
556 558
556 649
557 553
557 554
557 555
557 558
557 647
557 648
557 649
557 650
558 553
558 556
558 557
558 560
558 647
558 648
558 649
559 553
559 554
559 647
559 649
559 650
560 553
560 554
560 555
560 558
560 647
560 650
561 562
561 563
561 564
561 565
561 566
561 567
561 568
562 561
562 563
562 564
562 565
562 566
562 567
562 568
562 682
562 683
562 684
562 685
562 686
563 561
563 562
563 564
563 568
563 717
564 561
564 562
564 563
564 565
564 566
564 568
564 717
565 561
565 562
565 564
565 566
565 568
565 717
566 561
566 562
566 564
566 565
566 682
566 683
566 684
566 685
566 717
567 561
567 562
567 686
567 717
568 561
568 562
568 563
568 564
568 565
568 682
568 683
568 684
568 685
568 686
568 717
569 58
569 59
569 60
569 61
569 62
570 58
571 45
571 53
571 346
571 347
571 348
572 573
572 574
572 575
572 576
572 577
572 578
573 258
573 419
573 572
573 574
573 575
573 576
573 577
573 602
573 603
574 419
574 572
574 573
574 576
574 577
574 578
574 602
574 603
575 419
575 572
575 573
575 576
575 577
575 602
576 419
576 572
576 573
576 574
576 575
576 577
576 578
576 602
577 572
577 573
577 574
577 575
577 576
577 602
577 603
578 419
578 572
578 574
578 576
578 602
579 0
579 176
579 326
579 434
579 472
579 606
579 607
579 610
579 612
579 613
579 614
579 615
579 619
579 620
579 621
579 622
579 830
580 31
580 32
580 427
580 448
580 449
581 408
581 412
581 582
581 583
582 407
582 412
582 581
582 698
582 762
582 765
582 766
583 581
583 765
584 0
584 326
584 585
584 586
585 0
585 584
586 0
586 584
587 27
587 588
587 589
587 590
587 591
588 25
588 27
588 38
588 587
588 589
588 590
588 591
588 677
588 678
588 745
588 769
588 770
589 26
589 27
589 38
589 587
589 588
589 590
589 591
589 678
589 746
589 748
589 749
589 769
589 770
590 25
590 26
590 27
590 587
590 588
590 589
590 591
590 678
590 748
590 749
590 769
590 770
591 27
591 587
591 588
591 589
591 590
591 677
591 769
591 770
592 305
592 306
592 309
592 593
593 305
593 306
593 307
593 308
593 309
593 310
593 311
593 592
594 333
594 859
595 247
595 249
595 284
595 600
596 76
596 247
596 601
596 764
597 76
597 247
597 764
598 247
598 692
598 783
599 247
599 249
599 284
599 600
600 247
600 249
600 250
600 346
600 595
600 599
601 247
601 248
601 341
601 596
602 419
602 573
602 574
602 575
602 576
602 577
602 578
602 603
603 419
603 573
603 574
603 577
603 602
604 150
604 151
604 152
604 153
604 154
604 155
604 156
604 605
605 268
605 604
605 739
605 776
606 579
606 607
606 608
606 609
606 610
606 611
606 612
606 613
606 614
606 615
606 616
606 617
606 618
606 619
606 620
606 621
606 622
607 579
607 606
607 608
607 609
607 612
607 616
607 618
607 622
608 606
608 607
608 609
608 612
608 616
608 618
609 606
609 607
609 608
609 617
609 618
610 579
610 606
610 611
610 612
610 613
610 614
610 615
610 617
610 619
610 620
610 621
610 622
611 606
611 610
611 612
611 617
611 621
612 579
612 606
612 607
612 608
612 610
612 611
612 619
612 620
612 621
613 579
613 606
613 610
613 617
613 621
614 579
614 606
614 610
614 617
614 621
615 579
615 606
615 610
615 617
615 621
616 606
616 607
616 608
616 617
616 618
617 606
617 609
617 610
617 611
617 613
617 614
617 615
617 616
617 618
617 621
618 606
618 607
618 608
618 609
618 616
618 617
619 579
619 606
619 610
619 612
620 579
620 606
620 610
620 612
620 621
621 579
621 606
621 610
621 611
621 612
621 613
621 614
621 615
621 617
621 620
621 622
622 579
622 606
622 607
622 610
622 621
623 45
623 277
623 796
623 797
624 179
624 180
624 444
625 380
625 429
625 670
625 671
625 672
625 673
625 696
625 816
626 267
626 637
626 712
626 804
627 222
627 223
627 224
627 225
627 229
627 279
627 633
627 634
627 635
627 772
627 773
628 252
628 253
628 255
628 257
628 259
629 30
629 31
629 32
629 164
629 427
629 448
629 449
629 544
629 546
629 549
629 630
629 631
629 701
629 803
630 30
630 448
630 629
631 30
631 31
631 448
631 449
631 629
632 39
632 322
632 716
633 627
633 634
633 635
634 279
634 627
634 633
634 635
634 695
634 772
634 773
635 234
635 279
635 627
635 633
635 634
635 695
635 772
635 773
636 0
637 262
637 268
637 626
637 712
637 713
638 241
638 243
638 244
638 245
639 353
639 381
639 448
639 741
640 792
641 152
641 263
641 642
641 643
641 644
642 152
642 171
642 173
642 641
642 644
642 739
642 776
643 152
643 505
643 641
643 739
643 753
643 754
643 776
643 777
643 828
643 860
644 152
644 172
644 641
644 642
644 739
644 740
644 776
644 861
645 354
646 354
647 554
647 555
647 557
647 558
647 559
647 560
647 648
647 649
648 554
648 557
648 558
648 647
648 650
649 554
649 555
649 556
649 557
649 558
649 559
649 647
649 650
650 554
650 555
650 557
650 559
650 560
650 648
650 649
651 3
651 204
651 659
652 78
652 82
652 653
652 757
652 758
652 760
652 817
653 78
653 652
653 756
653 757
653 758
653 759
653 760
653 761
653 817
653 822
654 470
654 655
654 656
654 657
654 658
655 470
655 654
655 657
655 658
656 470
656 654
656 658
657 470
657 654
657 655
657 658
658 470
658 654
658 655
658 656
658 657
658 801
659 651
660 144
660 145
660 146
660 147
660 148
660 662
661 144
661 146
661 147
661 662
662 144
662 145
662 146
662 147
662 148
662 529
662 530
662 660
662 661
663 114
663 354
663 355
663 360
664 354
664 665
665 354
665 664
666 114
666 354
666 355
666 360
667 243
667 388
667 453
667 477
667 478
668 240
668 243
668 389
668 454
668 477
669 508
670 75
670 457
670 460
670 461
670 463
670 625
670 671
670 672
670 673
670 674
671 152
671 625
671 670
671 696
672 152
672 625
672 670
672 696
673 625
673 670
673 696
674 518
674 670
674 696
674 704
674 808
674 839
675 179
675 676
676 179
676 444
676 675
677 24
677 25
677 39
677 588
677 591
677 678
678 38
678 39
678 588
678 589
678 590
678 677
679 680
679 681
680 284
680 679
680 681
680 728
681 679
681 680
681 728
682 562
682 566
682 568
683 562
683 566
683 568
683 685
684 562
684 566
684 568
684 685
685 562
685 566
685 568
685 683
685 684
685 726
685 727
685 738
685 853
685 854
686 562
686 567
686 568
686 717
687 151
687 688
688 687
688 812
688 824
688 825
689 430
689 690
689 691
689 692
689 693
690 430
690 689
690 691
690 692
690 737
690 742
691 430
691 689
691 690
691 692
691 693
692 430
692 598
692 689
692 690
692 691
692 693
693 430
693 689
693 691
693 692
694 253
694 795
695 225
695 279
695 634
695 635
696 198
696 625
696 671
696 672
696 673
696 674
696 815
696 816
697 262
697 408
697 412
697 698
697 700
697 725
698 408
698 412
698 582
698 697
698 700
698 706
698 842
699 408
699 412
699 765
700 408
700 412
700 697
700 698
701 32
701 448
701 449
701 629
702 539
702 703
703 702
703 813
703 856
704 518
704 674
704 727
704 732
705 219
705 518
705 799
706 311
706 518
706 698
706 810
706 832
707 518
708 291
708 292
708 295
708 296
709 239
709 244
709 245
709 453
710 239
710 243
710 388
710 453
711 239
711 244
711 245
711 453
712 626
712 637
712 713
713 637
713 712
714 65
714 69
715 239
715 241
715 324
715 716
716 39
716 322
716 632
716 715
717 563
717 564
717 565
717 566
717 567
717 568
717 686
718 431
718 719
718 720
718 721
718 722
718 723
718 724
719 718
719 720
719 721
719 722
719 723
720 431
720 718
720 719
720 721
720 722
720 723
720 724
720 752
721 431
721 718
721 719
721 720
721 722
721 723
721 724
721 752
721 762
722 431
722 718
722 719
722 720
722 721
722 723
722 752
723 431
723 718
723 719
723 720
723 721
723 722
723 724
723 752
724 431
724 718
724 720
724 721
724 723
725 155
725 338
725 697
726 685
726 727
727 685
727 704
727 726
727 738
727 853
727 854
728 680
728 681
729 44
729 45
729 47
729 52
729 53
730 44
730 45
730 47
730 52
730 53
731 44
731 45
731 47
731 52
731 53
732 704
732 771
733 74
733 75
733 76
733 283
733 284
734 74
734 75
734 76
734 283
734 284
735 74
735 75
735 76
735 283
735 284
736 321
736 324
736 420
737 139
737 400
737 690
738 685
738 727
739 152
739 541
739 605
739 642
739 643
739 644
739 740
740 644
740 739
740 776
741 381
741 441
741 555
741 639
742 690
743 91
743 92
743 94
743 422
743 423
744 91
744 93
744 94
744 97
744 423
744 823
745 24
745 25
745 27
745 588
745 746
746 24
746 25
746 26
746 27
746 28
746 589
746 745
746 747
746 748
746 749
747 24
747 25
747 26
747 27
747 746
748 24
748 25
748 589
748 590
748 746
749 24
749 25
749 589
749 590
749 746
750 24
750 25
750 26
750 27
750 28
751 24
751 25
751 26
751 27
751 28
752 431
752 720
752 721
752 722
752 723
753 136
753 137
753 138
753 140
753 643
754 67
754 69
754 100
754 643
754 829
755 393
755 394
755 510
755 511
756 653
756 757
756 758
756 759
756 760
756 761
757 652
757 653
757 756
757 758
757 759
757 760
757 821
758 652
758 653
758 756
758 757
758 759
758 760
758 761
758 817
759 653
759 756
759 757
759 758
759 760
759 761
759 817
760 652
760 653
760 756
760 757
760 758
760 759
760 817
761 653
761 756
761 758
761 759
761 817
762 582
762 721
762 766
763 5
764 5
764 248
764 417
764 418
764 596
764 597
765 412
765 582
765 583
765 699
766 34
766 582
766 762
767 218
767 768
768 80
768 218
768 767
768 819
769 27
769 588
769 589
769 590
769 591
770 27
770 588
770 589
770 590
770 591
771 732
772 627
772 634
772 635
773 627
773 634
773 635
774 75
774 76
774 283
774 284
774 330
775 75
775 76
775 283
775 284
775 330
776 152
776 605
776 642
776 643
776 644
776 740
777 643
778 779
778 780
778 781
778 782
778 783
778 784
778 785
778 786
778 787
778 788
778 789
778 790
778 791
779 778
779 780
779 781
779 783
779 787
779 788
779 789
779 790
780 778
780 779
780 783
780 787
780 788
781 778
781 779
781 782
781 783
781 787
781 788
781 789
781 790
781 791
782 778
782 781
782 783
782 787
782 788
783 598
783 778
783 779
783 780
783 781
783 782
783 784
783 785
783 786
783 787
783 788
783 789
783 790
783 791
784 778
784 783
784 785
784 788
785 778
785 783
785 784
785 786
785 788
786 778
786 783
786 785
786 788
787 778
787 779
787 780
787 781
787 782
787 783
787 788
787 791
788 778
788 779
788 780
788 781
788 782
788 783
788 784
788 785
788 786
788 787
788 789
788 790
788 791
789 778
789 779
789 781
789 783
789 788
790 778
790 779
790 781
790 783
790 788
791 778
791 781
791 783
791 787
791 788
792 36
792 53
792 165
792 442
792 640
793 34
793 287
793 313
794 199
795 257
795 694
796 623
797 623
798 121
798 123
798 126
798 127
798 128
798 312
798 847
798 851
798 852
798 855
799 219
799 705
800 432
800 513
800 840
801 415
801 658
802 31
802 32
802 427
802 448
802 449
803 31
803 629
804 315
804 626
804 805
805 804
806 283
807 138
807 298
808 674
808 809
808 810
809 42
809 808
809 831
809 832
810 311
810 706
810 808
810 832
811 812
812 688
812 811
812 824
812 825
813 703
814 245
815 696
816 96
816 625
816 696
817 652
817 653
817 758
817 759
817 760
817 761
818 0
819 80
819 81
819 218
819 768
820 388
821 88
821 757
821 822
822 88
822 405
822 653
822 821
823 93
823 95
823 97
823 423
823 744
824 688
824 812
824 825
825 156
825 688
825 812
825 824
826 434
827 87
827 835
827 836
827 837
827 838
828 152
828 643
829 126
829 754
830 417
830 579
831 809
832 311
832 706
832 809
832 810
833 326
834 340
834 341
835 827
835 836
835 837
835 838
836 827
836 835
836 837
836 838
837 827
837 835
837 836
838 827
838 835
838 836
839 674
840 800
841 153
842 412
842 470
842 698
843 470
843 849
844 257
845 370
846 199
847 124
847 126
847 798
847 851
847 852
848 280
849 843
850 315
850 316
851 798
851 847
851 852
852 126
852 798
852 847
852 851
852 855
853 685
853 727
854 685
854 727
855 126
855 129
855 798
855 852
856 703
857 445
858 472
859 594
860 643
861 62
861 644
