0 1 
1 0 
1 327 
1 378 
1 580 
1 585 
1 586 
1 587 
1 637 
1 819 
2 3 
2 4 
2 5 
2 6 
2 7 
2 8 
2 9 
2 10 
3 2 
3 8 
3 10 
4 2 
4 7 
4 172 
4 652 
5 2 
5 379 
6 2 
6 85 
6 381 
6 417 
6 418 
6 419 
6 764 
6 765 
7 2 
7 4 
8 2 
8 3 
8 9 
8 10 
9 2 
9 8 
9 10 
10 2 
10 3 
10 8 
10 9 
11 12 
11 13 
11 14 
11 15 
11 16 
11 17 
12 11 
12 13 
12 14 
12 231 
12 235 
13 11 
13 12 
13 14 
13 15 
13 17 
13 18 
13 19 
13 20 
13 21 
13 22 
13 23 
13 221 
13 235 
13 279 
13 396 
13 397 
13 427 
13 523 
13 525 
14 11 
14 12 
14 13 
14 17 
14 229 
14 235 
14 280 
14 397 
14 526 
14 527 
14 528 
15 11 
15 13 
15 18 
15 22 
15 23 
15 41 
16 11 
16 22 
16 235 
16 275 
16 397 
17 11 
17 13 
17 14 
17 19 
17 227 
17 228 
17 229 
17 231 
17 232 
17 233 
17 234 
17 275 
17 279 
17 280 
17 396 
17 425 
17 426 
17 523 
17 525 
17 526 
17 527 
17 528 
18 13 
18 15 
18 19 
18 20 
18 21 
18 22 
18 23 
19 13 
19 17 
19 18 
19 23 
19 275 
19 276 
19 277 
20 13 
20 18 
20 21 
20 22 
20 275 
20 276 
20 277 
20 396 
20 397 
21 13 
21 18 
21 20 
21 22 
21 23 
21 229 
21 275 
21 276 
21 277 
21 396 
21 526 
21 527 
21 528 
22 13 
22 15 
22 16 
22 18 
22 20 
22 21 
22 23 
22 38 
22 41 
23 13 
23 15 
23 18 
23 19 
23 21 
23 22 
23 38 
23 41 
23 227 
23 396 
23 525 
24 25 
24 26 
24 27 
24 28 
24 29 
25 24 
25 26 
25 27 
25 28 
25 29 
25 261 
25 678 
25 746 
25 747 
25 748 
25 749 
25 750 
25 751 
25 752 
26 24 
26 25 
26 27 
26 29 
26 261 
26 589 
26 591 
26 678 
26 746 
26 747 
26 748 
26 749 
26 750 
26 751 
26 752 
27 24 
27 25 
27 26 
27 29 
27 261 
27 590 
27 591 
27 747 
27 748 
27 751 
27 752 
28 24 
28 25 
28 29 
28 261 
28 588 
28 589 
28 590 
28 591 
28 592 
28 746 
28 747 
28 748 
28 751 
28 752 
28 770 
28 771 
29 24 
29 25 
29 26 
29 27 
29 28 
29 261 
29 747 
29 751 
29 752 
30 31 
30 32 
30 33 
31 30 
31 32 
31 630 
31 631 
31 632 
32 30 
32 31 
32 33 
32 428 
32 447 
32 448 
32 449 
32 450 
32 545 
32 547 
32 550 
32 552 
32 553 
32 581 
32 630 
32 632 
32 803 
32 804 
33 30 
33 32 
33 428 
33 448 
33 449 
33 450 
33 545 
33 547 
33 550 
33 553 
33 581 
33 630 
33 702 
33 803 
34 35 
35 34 
35 104 
35 105 
35 106 
35 107 
35 108 
35 109 
35 110 
35 111 
35 112 
35 113 
35 114 
35 133 
35 178 
35 265 
35 288 
35 289 
35 314 
35 318 
35 319 
35 767 
35 794 
36 342 
37 793 
38 22 
38 23 
38 39 
38 40 
38 41 
39 38 
39 589 
39 590 
39 679 
40 38 
40 323 
40 633 
40 678 
40 679 
40 717 
41 15 
41 22 
41 23 
41 38 
41 277 
42 143 
43 810 
44 45 
44 46 
44 47 
44 48 
44 49 
44 50 
44 51 
44 52 
44 53 
44 54 
44 55 
44 56 
44 57 
45 44 
45 47 
45 48 
45 49 
45 50 
45 51 
45 53 
45 54 
45 303 
45 347 
45 348 
45 730 
45 731 
45 732 
46 44 
46 48 
46 54 
46 347 
46 348 
46 572 
46 624 
46 730 
46 731 
46 732 
47 44 
47 45 
47 303 
47 347 
48 44 
48 45 
48 46 
48 54 
48 55 
48 304 
48 347 
48 348 
48 349 
48 350 
48 730 
48 731 
48 732 
49 44 
49 45 
49 303 
49 347 
50 44 
50 45 
50 303 
50 347 
51 44 
51 45 
51 303 
51 347 
52 44 
52 53 
52 54 
52 303 
52 349 
53 44 
53 45 
53 52 
53 56 
53 57 
53 303 
53 347 
53 730 
53 731 
53 732 
54 44 
54 45 
54 46 
54 48 
54 52 
54 55 
54 56 
54 57 
54 302 
54 303 
54 304 
54 344 
54 345 
54 347 
54 348 
54 349 
54 350 
54 516 
54 517 
54 572 
54 730 
54 731 
54 732 
54 793 
55 44 
55 48 
55 54 
55 347 
55 348 
56 44 
56 53 
56 54 
56 303 
56 349 
57 44 
57 53 
57 54 
57 302 
58 59 
58 60 
58 61 
58 62 
58 63 
59 58 
59 60 
59 61 
59 62 
59 63 
59 535 
59 570 
59 571 
60 58 
60 59 
60 61 
60 62 
60 63 
60 570 
61 58 
61 59 
61 60 
61 62 
61 63 
61 570 
62 58 
62 59 
62 60 
62 61 
62 63 
62 570 
63 58 
63 59 
63 60 
63 61 
63 62 
63 172 
63 173 
63 174 
63 570 
63 862 
64 161 
64 477 
65 66 
65 67 
65 68 
65 69 
65 70 
65 71 
65 72 
66 65 
66 67 
66 69 
66 70 
66 71 
66 72 
66 100 
66 102 
66 715 
67 65 
67 66 
67 68 
67 69 
67 70 
67 71 
67 72 
68 65 
68 67 
68 69 
68 70 
68 71 
68 99 
68 100 
68 101 
68 102 
68 103 
68 755 
69 65 
69 66 
69 67 
69 68 
69 70 
69 71 
69 72 
69 102 
69 539 
70 65 
70 66 
70 67 
70 68 
70 69 
70 71 
70 100 
70 101 
70 102 
70 103 
70 715 
70 755 
71 65 
71 66 
71 67 
71 68 
71 69 
71 70 
72 65 
72 66 
72 67 
72 69 
73 74 
73 75 
73 76 
73 77 
74 73 
74 75 
74 76 
74 77 
74 284 
74 285 
74 331 
74 456 
74 457 
74 458 
74 459 
74 460 
74 461 
74 462 
74 463 
74 464 
74 465 
74 466 
75 73 
75 74 
75 76 
75 77 
75 283 
75 284 
75 285 
75 331 
75 456 
75 457 
75 459 
75 460 
75 463 
75 465 
75 466 
75 734 
75 735 
75 736 
76 73 
76 74 
76 75 
76 77 
76 283 
76 285 
76 330 
76 331 
76 459 
76 463 
76 466 
76 671 
76 734 
76 735 
76 736 
76 775 
76 776 
77 73 
77 74 
77 75 
77 76 
77 143 
77 283 
77 284 
77 285 
77 330 
77 331 
77 456 
77 457 
77 458 
77 459 
77 460 
77 461 
77 462 
77 463 
77 464 
77 465 
77 466 
77 597 
77 598 
77 734 
77 735 
77 736 
77 775 
77 776 
78 79 
78 80 
78 81 
78 82 
78 83 
79 78 
79 81 
79 82 
79 83 
79 406 
79 446 
79 653 
79 654 
80 78 
80 82 
81 78 
81 79 
81 83 
81 769 
81 820 
82 78 
82 79 
82 80 
82 83 
82 820 
83 78 
83 79 
83 81 
83 82 
83 653 
84 85 
84 86 
84 87 
84 88 
84 89 
85 6 
85 84 
85 281 
86 84 
87 84 
87 158 
88 84 
88 287 
88 446 
88 828 
89 84 
89 822 
89 823 
90 91 
90 92 
90 93 
90 94 
90 95 
90 96 
90 97 
90 98 
91 90 
91 92 
91 93 
91 94 
91 95 
91 96 
92 90 
92 91 
92 93 
92 94 
92 95 
92 96 
92 97 
92 98 
92 422 
92 423 
92 424 
92 744 
92 745 
93 90 
93 91 
93 92 
93 94 
93 96 
93 744 
94 90 
94 91 
94 92 
94 93 
94 95 
94 96 
94 98 
94 423 
94 424 
94 745 
94 824 
95 90 
95 91 
95 92 
95 94 
95 97 
95 98 
95 423 
95 424 
95 744 
95 745 
96 90 
96 91 
96 92 
96 93 
96 94 
96 98 
96 824 
97 90 
97 92 
97 95 
97 98 
97 237 
97 422 
97 424 
97 817 
98 90 
98 92 
98 94 
98 95 
98 96 
98 97 
98 422 
98 423 
98 424 
98 745 
98 824 
99 68 
99 100 
99 101 
99 102 
99 103 
100 66 
100 68 
100 70 
100 99 
100 101 
100 102 
100 103 
101 68 
101 70 
101 99 
101 100 
101 102 
101 103 
101 119 
101 299 
101 755 
102 66 
102 68 
102 69 
102 70 
102 99 
102 100 
102 101 
103 68 
103 70 
103 99 
103 100 
103 101 
104 35 
104 105 
104 106 
104 107 
104 108 
104 109 
104 110 
104 111 
104 112 
104 113 
104 114 
105 35 
105 104 
105 107 
105 109 
105 110 
105 111 
105 114 
105 318 
105 319 
106 35 
106 104 
107 35 
107 104 
107 105 
108 35 
108 104 
109 35 
109 104 
109 105 
110 35 
110 104 
110 105 
111 35 
111 104 
111 105 
112 35 
112 104 
113 35 
113 104 
114 35 
114 104 
114 105 
115 352 
115 355 
115 356 
115 359 
115 361 
115 362 
115 664 
115 667 
116 117 
116 118 
116 119 
116 120 
116 121 
116 122 
116 123 
116 124 
116 125 
116 126 
116 127 
116 128 
116 129 
116 130 
116 131 
116 132 
117 116 
117 118 
117 120 
117 121 
117 123 
117 124 
117 125 
117 126 
117 129 
117 130 
117 132 
117 313 
118 116 
118 117 
118 125 
118 128 
118 130 
119 101 
119 116 
119 474 
119 475 
119 476 
120 116 
120 117 
120 122 
120 128 
120 130 
121 116 
121 117 
121 125 
121 128 
121 130 
122 116 
122 120 
122 125 
122 126 
122 129 
122 130 
122 132 
122 313 
122 799 
123 116 
123 117 
123 130 
123 131 
124 116 
124 117 
124 128 
124 130 
124 132 
124 313 
124 799 
125 116 
125 117 
125 118 
125 121 
125 122 
125 127 
125 128 
125 130 
125 848 
126 116 
126 117 
126 122 
126 128 
126 130 
127 116 
127 125 
127 130 
127 132 
127 799 
127 830 
127 848 
127 853 
127 856 
128 116 
128 118 
128 120 
128 121 
128 124 
128 125 
128 126 
128 129 
128 130 
128 132 
128 313 
128 799 
129 116 
129 117 
129 122 
129 128 
129 130 
129 132 
129 313 
129 799 
130 116 
130 117 
130 118 
130 120 
130 121 
130 122 
130 123 
130 124 
130 125 
130 126 
130 127 
130 128 
130 129 
130 856 
131 116 
131 123 
131 313 
132 116 
132 117 
132 122 
132 124 
132 127 
132 128 
132 129 
133 35 
134 135 
134 136 
134 137 
134 138 
134 139 
134 140 
134 141 
135 134 
135 137 
135 138 
135 139 
135 140 
135 141 
135 212 
135 213 
135 214 
135 215 
135 216 
135 217 
135 218 
136 134 
136 137 
136 138 
136 140 
137 134 
137 135 
137 136 
137 139 
137 140 
137 141 
137 754 
138 134 
138 135 
138 136 
138 139 
138 140 
138 141 
138 754 
139 134 
139 135 
139 137 
139 138 
139 140 
139 141 
139 754 
139 808 
140 134 
140 135 
140 136 
140 137 
140 138 
140 139 
140 141 
140 212 
140 213 
140 214 
140 215 
140 217 
140 218 
140 738 
141 134 
141 135 
141 137 
141 138 
141 139 
141 140 
141 212 
141 213 
141 215 
141 217 
141 754 
142 143 
143 42 
143 77 
143 142 
143 206 
144 145 
144 146 
144 147 
144 148 
144 149 
145 144 
145 147 
145 149 
145 529 
145 530 
145 531 
145 532 
145 661 
145 662 
145 663 
146 144 
146 148 
146 149 
146 529 
146 661 
146 663 
147 144 
147 145 
147 299 
147 529 
147 531 
147 532 
147 661 
147 662 
147 663 
148 144 
148 146 
148 149 
148 529 
148 661 
148 662 
148 663 
149 144 
149 145 
149 146 
149 148 
149 529 
149 532 
149 661 
149 663 
150 151 
150 152 
150 153 
150 154 
150 155 
150 156 
150 157 
151 150 
151 605 
152 150 
152 154 
152 155 
152 605 
152 688 
153 150 
153 156 
153 433 
153 486 
153 605 
153 642 
153 643 
153 644 
153 645 
153 672 
153 673 
153 740 
153 777 
153 829 
154 150 
154 152 
154 605 
154 842 
155 150 
155 152 
155 605 
156 150 
156 153 
156 605 
156 726 
157 150 
157 413 
157 605 
157 826 
158 87 
158 159 
158 160 
159 158 
159 160 
160 158 
160 159 
161 64 
161 162 
161 163 
161 164 
162 161 
162 344 
162 345 
162 351 
162 477 
162 489 
163 161 
163 477 
164 161 
164 477 
165 630 
166 793 
167 168 
167 169 
167 170 
168 167 
168 169 
168 170 
168 282 
168 301 
168 520 
168 522 
168 524 
169 167 
169 168 
169 170 
169 519 
169 520 
169 522 
169 524 
170 167 
170 168 
170 169 
170 282 
170 524 
171 172 
171 173 
171 174 
172 4 
172 63 
172 171 
172 173 
172 643 
173 63 
173 171 
173 172 
173 174 
173 645 
174 63 
174 171 
174 173 
174 643 
175 342 
176 177 
177 176 
177 580 
178 35 
179 180 
179 181 
180 179 
180 181 
180 625 
180 676 
180 677 
181 179 
181 180 
181 445 
181 625 
182 254 
183 184 
183 185 
183 186 
183 187 
183 188 
183 189 
183 190 
183 191 
183 192 
183 193 
183 194 
183 195 
184 183 
184 185 
184 186 
184 191 
184 203 
185 183 
185 184 
185 186 
185 187 
185 189 
185 190 
185 191 
185 192 
185 193 
185 194 
185 195 
185 203 
185 298 
185 299 
185 300 
186 183 
186 184 
186 185 
186 187 
186 188 
186 189 
186 191 
186 194 
186 203 
186 298 
187 183 
187 185 
187 186 
187 188 
187 189 
187 190 
187 191 
187 192 
187 193 
187 300 
188 183 
188 186 
188 187 
188 189 
188 191 
189 183 
189 185 
189 186 
189 187 
189 188 
189 191 
189 192 
189 193 
189 194 
189 300 
190 183 
190 185 
190 187 
190 191 
190 192 
191 183 
191 184 
191 185 
191 186 
191 187 
191 188 
191 189 
191 190 
191 192 
191 193 
191 194 
191 195 
191 203 
191 298 
191 300 
192 183 
192 185 
192 187 
192 189 
192 190 
192 191 
192 300 
193 183 
193 185 
193 187 
193 189 
193 191 
194 183 
194 185 
194 186 
194 189 
194 191 
195 183 
195 185 
195 191 
195 203 
195 298 
196 377 
196 448 
196 504 
196 544 
197 448 
198 199 
198 200 
198 201 
198 202 
199 198 
199 201 
199 202 
199 697 
200 198 
200 208 
200 795 
200 847 
201 198 
201 199 
201 202 
202 198 
202 199 
202 201 
203 184 
203 185 
203 186 
203 191 
203 195 
203 298 
204 205 
205 204 
205 652 
206 143 
207 208 
207 209 
207 210 
207 211 
208 200 
208 207 
208 209 
208 210 
208 211 
208 366 
208 367 
208 368 
208 369 
208 370 
208 371 
209 207 
209 208 
209 210 
209 211 
209 366 
209 367 
209 369 
209 370 
210 207 
210 208 
210 209 
210 211 
210 366 
210 367 
210 368 
210 370 
210 371 
211 207 
211 208 
211 209 
211 210 
211 366 
211 367 
212 135 
212 140 
212 141 
212 213 
212 214 
212 215 
212 217 
212 218 
213 135 
213 140 
213 141 
213 212 
213 214 
213 215 
213 217 
213 218 
214 135 
214 140 
214 212 
214 213 
214 215 
215 135 
215 140 
215 141 
215 212 
215 213 
215 214 
215 218 
216 135 
216 485 
217 135 
217 140 
217 141 
217 212 
217 213 
218 135 
218 140 
218 212 
218 213 
218 215 
219 768 
219 769 
219 820 
220 706 
220 800 
221 13 
221 222 
221 223 
221 224 
221 225 
221 226 
221 227 
221 228 
221 229 
221 230 
221 231 
221 232 
221 233 
221 234 
221 235 
222 221 
222 227 
222 229 
222 231 
222 233 
222 279 
222 280 
223 221 
223 235 
223 280 
223 628 
224 221 
224 235 
224 280 
224 628 
225 221 
225 235 
225 280 
225 628 
226 221 
226 235 
226 280 
226 628 
226 696 
227 17 
227 23 
227 221 
227 222 
227 425 
228 17 
228 221 
228 231 
228 279 
229 14 
229 17 
229 21 
229 221 
229 222 
229 235 
229 396 
230 221 
230 235 
230 280 
230 628 
231 12 
231 17 
231 221 
231 222 
231 228 
231 232 
231 234 
231 235 
231 275 
231 279 
231 280 
231 427 
231 523 
232 17 
232 221 
232 231 
232 279 
233 17 
233 221 
233 222 
233 279 
233 425 
234 17 
234 221 
234 231 
234 279 
235 12 
235 13 
235 14 
235 16 
235 221 
235 223 
235 224 
235 225 
235 226 
235 229 
235 230 
235 231 
235 279 
235 280 
235 425 
235 426 
235 427 
235 526 
235 527 
235 528 
235 636 
236 237 
237 97 
237 236 
237 369 
237 405 
238 239 
238 240 
238 241 
238 242 
239 238 
239 240 
239 241 
239 242 
239 383 
239 386 
239 387 
239 389 
239 390 
239 391 
239 451 
239 454 
239 480 
239 481 
239 482 
239 483 
239 484 
240 238 
240 239 
240 241 
240 242 
240 244 
240 246 
240 383 
240 384 
240 386 
240 388 
240 389 
240 451 
240 453 
240 454 
240 478 
240 479 
240 480 
240 481 
240 482 
240 483 
240 710 
240 711 
240 712 
240 716 
241 238 
241 239 
241 240 
241 242 
241 389 
241 390 
241 480 
241 482 
241 669 
242 238 
242 239 
242 240 
242 241 
242 243 
242 389 
242 390 
242 482 
242 639 
242 716 
243 242 
243 244 
243 245 
243 246 
244 240 
244 243 
244 385 
244 389 
244 454 
244 478 
244 479 
244 484 
244 495 
244 639 
244 668 
244 669 
244 711 
245 243 
245 246 
245 453 
245 454 
245 455 
245 494 
245 496 
245 497 
245 499 
245 501 
245 502 
245 639 
245 710 
245 712 
246 240 
246 243 
246 245 
246 452 
246 453 
246 454 
246 455 
246 481 
246 494 
246 496 
246 497 
246 498 
246 499 
246 500 
246 501 
246 502 
246 639 
246 710 
246 712 
246 815 
247 248 
247 249 
247 250 
247 251 
248 247 
248 250 
248 251 
248 285 
248 331 
248 596 
248 597 
248 598 
248 599 
248 600 
248 601 
248 602 
249 247 
249 285 
249 331 
249 417 
249 602 
249 765 
250 247 
250 248 
250 251 
250 542 
250 596 
250 600 
250 601 
251 247 
251 248 
251 250 
251 285 
251 601 
252 253 
252 254 
252 255 
252 256 
252 257 
252 258 
252 259 
252 260 
253 252 
253 254 
253 256 
253 257 
253 258 
253 260 
253 629 
254 182 
254 252 
254 253 
254 255 
254 256 
254 257 
254 258 
254 260 
254 629 
254 695 
255 252 
255 254 
255 257 
255 258 
255 260 
256 252 
256 253 
256 254 
256 257 
256 258 
256 260 
256 629 
257 252 
257 253 
257 254 
257 255 
257 256 
257 258 
257 260 
258 252 
258 253 
258 254 
258 255 
258 256 
258 257 
258 260 
258 629 
258 796 
258 845 
259 252 
259 268 
259 269 
259 574 
260 252 
260 253 
260 254 
260 255 
260 256 
260 257 
260 258 
260 629 
261 25 
261 26 
261 27 
261 28 
261 29 
262 263 
262 264 
263 262 
263 264 
263 638 
263 698 
264 262 
264 263 
264 642 
265 35 
266 267 
266 268 
266 269 
266 270 
266 271 
266 272 
266 273 
266 274 
267 266 
267 268 
267 269 
267 270 
267 271 
267 272 
267 273 
267 274 
268 259 
268 266 
268 267 
268 269 
268 273 
268 274 
268 627 
269 259 
269 266 
269 267 
269 268 
269 270 
269 272 
269 273 
269 274 
269 606 
269 638 
270 266 
270 267 
270 269 
270 271 
270 272 
270 273 
271 266 
271 267 
271 270 
271 272 
272 266 
272 267 
272 269 
272 270 
272 271 
273 266 
273 267 
273 268 
273 269 
273 270 
274 266 
274 267 
274 268 
274 269 
274 430 
275 16 
275 17 
275 19 
275 20 
275 21 
275 231 
275 276 
275 277 
275 280 
275 396 
275 397 
275 523 
276 19 
276 20 
276 21 
276 275 
276 396 
277 19 
277 20 
277 21 
277 41 
277 275 
277 396 
278 624 
279 13 
279 17 
279 222 
279 228 
279 231 
279 232 
279 233 
279 234 
279 235 
279 280 
279 425 
279 426 
279 427 
280 14 
280 17 
280 222 
280 223 
280 224 
280 225 
280 226 
280 230 
280 231 
280 235 
280 275 
280 279 
280 425 
280 426 
280 628 
280 635 
280 636 
280 696 
281 85 
281 849 
282 168 
282 170 
282 287 
282 301 
283 75 
283 76 
283 77 
283 284 
283 285 
284 74 
284 75 
284 77 
284 283 
284 330 
284 331 
284 734 
284 735 
284 736 
284 775 
284 776 
284 807 
285 74 
285 75 
285 76 
285 77 
285 248 
285 249 
285 251 
285 283 
285 330 
285 331 
285 363 
285 596 
285 600 
285 681 
285 734 
285 735 
285 736 
285 775 
285 776 
286 287 
287 88 
287 282 
287 286 
288 35 
288 794 
289 35 
290 291 
290 292 
290 293 
290 294 
290 295 
290 296 
290 297 
291 290 
291 292 
291 293 
291 294 
291 295 
291 297 
291 509 
292 290 
292 291 
292 293 
292 294 
292 297 
292 505 
292 507 
292 709 
293 290 
293 291 
293 292 
293 294 
293 295 
293 296 
293 505 
293 507 
293 508 
293 709 
294 290 
294 291 
294 292 
294 293 
294 295 
294 296 
294 297 
294 509 
295 290 
295 291 
295 293 
295 294 
295 297 
296 290 
296 293 
296 294 
296 297 
296 505 
296 507 
296 508 
296 709 
297 290 
297 291 
297 292 
297 294 
297 295 
297 296 
297 505 
297 709 
298 185 
298 186 
298 191 
298 195 
298 203 
299 101 
299 147 
299 185 
299 808 
300 185 
300 187 
300 189 
300 191 
300 192 
301 168 
301 282 
301 520 
301 522 
302 54 
302 57 
302 303 
302 304 
303 45 
303 47 
303 49 
303 50 
303 51 
303 52 
303 53 
303 54 
303 56 
303 302 
303 304 
303 343 
303 344 
303 345 
303 346 
303 347 
303 348 
303 349 
303 350 
303 351 
304 48 
304 54 
304 302 
304 303 
304 343 
304 345 
304 347 
304 349 
305 306 
305 307 
305 308 
305 309 
305 310 
305 311 
305 312 
306 305 
306 309 
306 310 
306 311 
306 593 
306 594 
307 305 
307 309 
307 310 
307 311 
307 593 
307 594 
308 305 
308 309 
308 311 
308 594 
309 305 
309 306 
309 307 
309 308 
309 594 
310 305 
310 306 
310 307 
310 593 
310 594 
311 305 
311 306 
311 307 
311 308 
311 594 
312 305 
312 519 
312 594 
312 707 
312 811 
312 833 
313 117 
313 122 
313 124 
313 128 
313 129 
313 131 
313 799 
314 35 
314 794 
315 316 
315 317 
316 315 
316 317 
316 805 
316 851 
317 315 
317 316 
317 851 
318 35 
318 105 
319 35 
319 105 
320 321 
320 322 
320 323 
320 324 
320 325 
321 320 
321 325 
321 421 
322 320 
322 325 
322 421 
322 737 
323 40 
323 320 
323 386 
323 633 
323 717 
324 320 
324 325 
325 320 
325 321 
325 322 
325 324 
325 421 
325 716 
325 737 
326 327 
327 1 
327 326 
327 580 
327 585 
327 834 
328 329 
328 438 
328 440 
328 441 
329 328 
329 437 
329 438 
329 440 
329 441 
330 76 
330 77 
330 284 
330 285 
330 331 
331 74 
331 75 
331 76 
331 77 
331 248 
331 249 
331 284 
331 285 
331 330 
331 456 
331 457 
331 458 
331 460 
331 461 
331 462 
331 464 
331 465 
331 775 
331 776 
332 448 
333 334 
333 335 
333 336 
333 337 
333 338 
333 339 
334 333 
334 335 
334 338 
334 339 
334 595 
335 333 
335 334 
335 336 
335 337 
335 338 
335 339 
336 333 
336 335 
336 337 
336 338 
336 339 
337 333 
337 335 
337 336 
337 338 
337 339 
338 333 
338 334 
338 335 
338 336 
338 337 
338 339 
339 333 
339 334 
339 335 
339 336 
339 337 
339 338 
339 726 
340 341 
340 342 
341 340 
341 342 
341 835 
342 36 
342 175 
342 340 
342 341 
342 602 
342 835 
343 303 
343 304 
343 344 
343 347 
343 348 
344 54 
344 162 
344 303 
344 343 
344 345 
344 346 
344 351 
344 516 
344 517 
345 54 
345 162 
345 303 
345 304 
345 344 
345 346 
345 348 
345 516 
345 517 
346 303 
346 344 
346 345 
346 351 
347 45 
347 46 
347 47 
347 48 
347 49 
347 50 
347 51 
347 53 
347 54 
347 55 
347 303 
347 304 
347 343 
347 348 
347 349 
347 350 
347 516 
347 517 
347 572 
347 601 
348 45 
348 46 
348 48 
348 54 
348 55 
348 303 
348 343 
348 345 
348 347 
348 349 
348 350 
348 572 
349 48 
349 52 
349 54 
349 56 
349 303 
349 304 
349 347 
349 348 
349 572 
350 48 
350 54 
350 303 
350 347 
350 348 
351 162 
351 303 
351 344 
351 346 
351 489 
352 115 
352 353 
352 354 
352 355 
352 356 
352 357 
352 358 
352 359 
352 360 
352 361 
352 362 
353 352 
353 355 
353 356 
353 361 
354 352 
354 355 
354 356 
354 361 
354 640 
355 115 
355 352 
355 353 
355 354 
355 356 
355 357 
355 358 
355 359 
355 360 
355 361 
355 362 
355 646 
355 647 
355 664 
355 665 
355 666 
355 667 
356 115 
356 352 
356 353 
356 354 
356 355 
356 357 
356 358 
356 360 
356 361 
356 664 
356 667 
357 352 
357 355 
357 356 
357 361 
358 352 
358 355 
358 356 
358 361 
359 115 
359 352 
359 355 
359 361 
360 352 
360 355 
360 356 
360 361 
361 115 
361 352 
361 353 
361 354 
361 355 
361 356 
361 357 
361 358 
361 359 
361 360 
361 362 
361 664 
361 667 
362 115 
362 352 
362 355 
362 361 
363 285 
363 364 
363 365 
364 363 
364 365 
365 363 
365 364 
366 208 
366 209 
366 210 
366 211 
366 367 
366 368 
366 369 
366 370 
366 371 
367 208 
367 209 
367 210 
367 211 
367 366 
368 208 
368 210 
368 366 
368 369 
368 371 
369 208 
369 209 
369 237 
369 366 
369 368 
369 371 
370 208 
370 209 
370 210 
370 366 
371 208 
371 210 
371 366 
371 368 
371 369 
371 846 
372 373 
372 374 
372 375 
372 376 
373 372 
373 375 
373 376 
374 372 
375 372 
375 373 
375 376 
375 430 
376 372 
376 373 
376 375 
377 196 
377 448 
378 1 
379 5 
379 380 
379 381 
379 382 
380 379 
380 381 
381 6 
381 379 
381 380 
381 626 
382 379 
382 486 
382 640 
382 742 
383 239 
383 240 
383 384 
383 385 
383 386 
383 387 
383 388 
383 389 
383 390 
383 391 
384 240 
384 383 
384 386 
384 389 
385 244 
385 383 
385 389 
385 478 
385 479 
386 239 
386 240 
386 323 
386 383 
386 384 
386 387 
386 388 
386 389 
386 391 
386 451 
387 239 
387 383 
387 386 
387 391 
387 445 
388 240 
388 383 
388 386 
388 389 
389 239 
389 240 
389 241 
389 242 
389 244 
389 383 
389 384 
389 385 
389 386 
389 388 
389 451 
389 454 
389 455 
389 478 
389 480 
389 481 
389 483 
389 484 
389 495 
389 501 
389 668 
389 711 
389 821 
390 239 
390 241 
390 242 
390 383 
390 669 
391 239 
391 383 
391 386 
391 387 
391 421 
392 393 
392 394 
392 395 
393 392 
393 394 
393 395 
393 510 
393 511 
393 512 
393 532 
394 392 
394 393 
394 395 
394 510 
394 511 
394 512 
394 756 
395 392 
395 393 
395 394 
395 510 
395 511 
395 512 
395 756 
396 13 
396 17 
396 20 
396 21 
396 23 
396 229 
396 275 
396 276 
396 277 
396 526 
396 527 
396 528 
397 13 
397 14 
397 16 
397 20 
397 275 
397 525 
398 399 
398 400 
398 401 
398 402 
398 403 
399 398 
399 400 
399 401 
399 402 
399 403 
400 398 
400 399 
400 401 
400 402 
400 403 
401 398 
401 399 
401 400 
401 402 
401 403 
401 738 
402 398 
402 399 
402 400 
402 401 
402 403 
403 398 
403 399 
403 400 
403 401 
403 402 
404 435 
404 436 
405 237 
405 406 
406 79 
406 405 
406 445 
406 823 
407 408 
407 409 
407 410 
407 411 
407 412 
407 413 
407 414 
407 415 
407 416 
408 407 
408 409 
408 411 
408 413 
408 415 
408 583 
409 407 
409 408 
409 411 
409 412 
409 413 
409 415 
409 582 
409 698 
409 699 
409 700 
409 701 
410 407 
410 412 
410 470 
411 407 
411 408 
411 409 
411 412 
411 413 
412 407 
412 409 
412 410 
412 411 
412 414 
412 416 
412 467 
412 468 
412 469 
412 470 
413 157 
413 407 
413 408 
413 409 
413 411 
413 415 
413 582 
413 583 
413 698 
413 699 
413 700 
413 701 
413 766 
413 843 
414 407 
414 412 
414 467 
414 468 
414 470 
415 407 
415 408 
415 409 
415 413 
416 407 
416 412 
416 467 
416 470 
416 802 
417 6 
417 249 
417 418 
417 419 
417 420 
418 6 
418 417 
418 419 
418 420 
418 765 
418 831 
419 6 
419 417 
419 418 
419 420 
419 765 
420 417 
420 418 
420 419 
420 574 
420 575 
420 576 
420 577 
420 579 
420 603 
420 604 
421 321 
421 322 
421 325 
421 391 
421 737 
422 92 
422 97 
422 98 
422 423 
422 424 
423 92 
423 94 
423 95 
423 98 
423 422 
423 424 
423 744 
424 92 
424 94 
424 95 
424 97 
424 98 
424 422 
424 423 
424 744 
424 745 
424 824 
425 17 
425 227 
425 233 
425 235 
425 279 
425 280 
426 17 
426 235 
426 279 
426 280 
427 13 
427 231 
427 235 
427 279 
427 523 
428 32 
428 33 
428 447 
428 448 
428 450 
428 552 
428 553 
428 581 
428 630 
428 803 
429 430 
429 431 
429 432 
429 433 
430 274 
430 375 
430 429 
430 626 
431 429 
431 690 
431 691 
431 692 
431 693 
431 694 
432 429 
432 719 
432 721 
432 722 
432 723 
432 724 
432 725 
432 753 
433 153 
433 429 
433 801 
434 435 
434 436 
435 404 
435 434 
435 436 
435 473 
435 580 
435 827 
436 404 
436 434 
436 435 
437 329 
437 438 
437 439 
437 440 
437 441 
437 442 
438 328 
438 329 
438 437 
438 439 
438 441 
439 437 
439 438 
439 440 
439 441 
439 442 
440 328 
440 329 
440 437 
440 439 
440 441 
441 328 
441 329 
441 437 
441 438 
441 439 
441 440 
441 442 
442 437 
442 439 
442 441 
442 742 
443 793 
444 445 
444 446 
445 181 
445 387 
445 406 
445 444 
445 625 
445 677 
446 79 
446 88 
446 444 
446 858 
447 32 
447 428 
447 448 
447 449 
447 450 
448 32 
448 33 
448 196 
448 197 
448 332 
448 377 
448 428 
448 447 
448 449 
448 450 
448 503 
448 504 
448 544 
448 545 
448 546 
448 547 
448 548 
448 549 
448 550 
448 551 
448 552 
448 553 
449 32 
449 33 
449 447 
449 448 
449 450 
449 552 
449 553 
449 581 
449 630 
449 631 
449 632 
449 640 
449 702 
449 803 
450 32 
450 33 
450 428 
450 447 
450 448 
450 449 
450 545 
450 547 
450 550 
450 552 
450 581 
450 630 
450 632 
450 702 
450 803 
451 239 
451 240 
451 386 
451 389 
452 246 
452 453 
452 454 
452 455 
453 240 
453 245 
453 246 
453 452 
453 454 
453 455 
453 483 
453 494 
453 495 
453 496 
453 497 
453 498 
453 499 
453 500 
453 501 
453 502 
454 239 
454 240 
454 244 
454 245 
454 246 
454 389 
454 452 
454 453 
454 478 
454 481 
454 484 
454 494 
454 498 
454 499 
454 500 
454 668 
454 710 
454 711 
454 712 
455 245 
455 246 
455 389 
455 452 
455 453 
455 494 
455 498 
455 499 
455 500 
455 669 
456 74 
456 75 
456 77 
456 331 
457 74 
457 75 
457 77 
457 331 
458 74 
458 77 
458 331 
458 671 
459 74 
459 75 
459 76 
459 77 
460 74 
460 75 
460 77 
460 331 
461 74 
461 77 
461 331 
461 671 
462 74 
462 77 
462 331 
462 671 
463 74 
463 75 
463 76 
463 77 
464 74 
464 77 
464 331 
464 671 
465 74 
465 75 
465 77 
465 331 
466 74 
466 75 
466 76 
466 77 
467 412 
467 414 
467 416 
467 468 
468 412 
468 414 
468 467 
468 469 
468 471 
469 412 
469 468 
469 470 
469 471 
470 410 
470 412 
470 414 
470 416 
470 469 
470 471 
471 468 
471 469 
471 470 
471 655 
471 656 
471 657 
471 658 
471 659 
471 843 
471 844 
472 473 
473 435 
473 472 
473 580 
473 859 
474 119 
474 476 
475 119 
475 476 
476 119 
476 474 
476 475 
477 64 
477 162 
477 163 
477 164 
478 240 
478 244 
478 385 
478 389 
478 454 
478 479 
478 495 
478 668 
478 669 
479 240 
479 244 
479 385 
479 478 
479 668 
480 239 
480 240 
480 241 
480 389 
481 239 
481 240 
481 246 
481 389 
481 454 
482 239 
482 240 
482 241 
482 242 
483 239 
483 240 
483 389 
483 453 
484 239 
484 244 
484 389 
484 454 
485 216 
486 153 
486 382 
486 487 
486 488 
487 486 
487 488 
488 486 
488 487 
489 162 
489 351 
489 490 
489 491 
489 492 
489 493 
490 489 
491 489 
492 489 
493 489 
494 245 
494 246 
494 453 
494 454 
494 455 
495 244 
495 389 
495 453 
495 478 
496 245 
496 246 
496 453 
497 245 
497 246 
497 453 
498 246 
498 453 
498 454 
498 455 
499 245 
499 246 
499 453 
499 454 
499 455 
500 246 
500 453 
500 454 
500 455 
501 245 
501 246 
501 389 
501 453 
502 245 
502 246 
502 453 
503 448 
504 196 
504 448 
505 292 
505 293 
505 296 
505 297 
505 506 
505 507 
505 508 
505 509 
506 505 
506 509 
506 644 
507 292 
507 293 
507 296 
507 505 
507 508 
508 293 
508 296 
508 505 
508 507 
509 291 
509 294 
509 505 
509 506 
509 670 
510 393 
510 394 
510 395 
510 511 
510 512 
511 393 
511 394 
511 395 
511 510 
511 512 
511 756 
512 393 
512 394 
512 395 
512 510 
512 511 
512 532 
512 756 
513 514 
513 515 
514 513 
514 515 
514 801 
515 513 
515 514 
516 54 
516 344 
516 345 
516 347 
517 54 
517 344 
517 345 
517 347 
518 519 
518 520 
518 521 
518 522 
519 169 
519 312 
519 518 
519 521 
519 522 
519 675 
519 705 
519 706 
519 707 
519 708 
520 168 
520 169 
520 301 
520 518 
520 521 
520 522 
521 518 
521 519 
521 520 
521 522 
522 168 
522 169 
522 301 
522 518 
522 519 
522 520 
522 521 
522 524 
523 13 
523 17 
523 231 
523 275 
523 427 
524 168 
524 169 
524 170 
524 522 
525 13 
525 17 
525 23 
525 397 
526 14 
526 17 
526 21 
526 235 
526 396 
527 14 
527 17 
527 21 
527 235 
527 396 
528 14 
528 17 
528 21 
528 235 
528 396 
529 145 
529 146 
529 147 
529 148 
529 149 
529 530 
529 531 
529 532 
530 145 
530 529 
530 531 
530 532 
530 663 
531 145 
531 147 
531 529 
531 530 
531 663 
532 145 
532 147 
532 149 
532 393 
532 512 
532 529 
532 530 
533 534 
533 535 
533 536 
533 537 
533 538 
534 533 
534 536 
534 538 
535 59 
535 533 
535 536 
535 538 
536 533 
536 534 
536 535 
536 537 
536 538 
537 533 
537 536 
537 538 
538 533 
538 534 
538 535 
538 536 
538 537 
539 69 
539 540 
540 539 
540 703 
541 542 
541 543 
542 250 
542 541 
542 543 
542 740 
543 541 
543 542 
544 196 
544 448 
545 32 
545 33 
545 448 
545 450 
545 630 
546 448 
547 32 
547 33 
547 448 
547 450 
547 630 
548 448 
549 448 
550 32 
550 33 
550 448 
550 450 
550 630 
551 448 
552 32 
552 428 
552 448 
552 449 
552 450 
553 32 
553 33 
553 428 
553 448 
553 449 
554 555 
554 556 
554 557 
554 558 
554 559 
554 560 
554 561 
555 554 
555 556 
555 557 
555 558 
555 560 
555 561 
555 648 
555 649 
555 650 
555 651 
556 554 
556 555 
556 557 
556 558 
556 561 
556 648 
556 650 
556 651 
556 742 
557 554 
557 555 
557 556 
557 559 
557 650 
558 554 
558 555 
558 556 
558 559 
558 648 
558 649 
558 650 
558 651 
559 554 
559 557 
559 558 
559 561 
559 648 
559 649 
559 650 
560 554 
560 555 
560 648 
560 650 
560 651 
561 554 
561 555 
561 556 
561 559 
561 648 
561 651 
562 563 
562 564 
562 565 
562 566 
562 567 
562 568 
562 569 
563 562 
563 564 
563 565 
563 566 
563 567 
563 568 
563 569 
563 683 
563 684 
563 685 
563 686 
563 687 
564 562 
564 563 
564 565 
564 569 
564 718 
565 562 
565 563 
565 564 
565 566 
565 567 
565 569 
565 718 
566 562 
566 563 
566 565 
566 567 
566 569 
566 718 
567 562 
567 563 
567 565 
567 566 
567 683 
567 684 
567 685 
567 686 
567 718 
568 562 
568 563 
568 687 
568 718 
569 562 
569 563 
569 564 
569 565 
569 566 
569 683 
569 684 
569 685 
569 686 
569 687 
569 718 
570 59 
570 60 
570 61 
570 62 
570 63 
571 59 
572 46 
572 54 
572 347 
572 348 
572 349 
573 574 
573 575 
573 576 
573 577 
573 578 
573 579 
574 259 
574 420 
574 573 
574 575 
574 576 
574 577 
574 578 
574 603 
574 604 
575 420 
575 573 
575 574 
575 577 
575 578 
575 579 
575 603 
575 604 
576 420 
576 573 
576 574 
576 577 
576 578 
576 603 
577 420 
577 573 
577 574 
577 575 
577 576 
577 578 
577 579 
577 603 
578 573 
578 574 
578 575 
578 576 
578 577 
578 603 
578 604 
579 420 
579 573 
579 575 
579 577 
579 603 
580 1 
580 177 
580 327 
580 435 
580 473 
580 607 
580 608 
580 611 
580 613 
580 614 
580 615 
580 616 
580 620 
580 621 
580 622 
580 623 
580 831 
581 32 
581 33 
581 428 
581 449 
581 450 
582 409 
582 413 
582 583 
582 584 
583 408 
583 413 
583 582 
583 699 
583 763 
583 766 
583 767 
584 582 
584 766 
585 1 
585 327 
585 586 
585 587 
586 1 
586 585 
587 1 
587 585 
588 28 
588 589 
588 590 
588 591 
588 592 
589 26 
589 28 
589 39 
589 588 
589 590 
589 591 
589 592 
589 678 
589 679 
589 746 
589 770 
589 771 
590 27 
590 28 
590 39 
590 588 
590 589 
590 591 
590 592 
590 679 
590 747 
590 749 
590 750 
590 770 
590 771 
591 26 
591 27 
591 28 
591 588 
591 589 
591 590 
591 592 
591 679 
591 749 
591 750 
591 770 
591 771 
592 28 
592 588 
592 589 
592 590 
592 591 
592 678 
592 770 
592 771 
593 306 
593 307 
593 310 
593 594 
594 306 
594 307 
594 308 
594 309 
594 310 
594 311 
594 312 
594 593 
595 334 
595 860 
596 248 
596 250 
596 285 
596 601 
597 77 
597 248 
597 602 
597 765 
598 77 
598 248 
598 765 
599 248 
599 693 
599 784 
600 248 
600 250 
600 285 
600 601 
601 248 
601 250 
601 251 
601 347 
601 596 
601 600 
602 248 
602 249 
602 342 
602 597 
603 420 
603 574 
603 575 
603 576 
603 577 
603 578 
603 579 
603 604 
604 420 
604 574 
604 575 
604 578 
604 603 
605 151 
605 152 
605 153 
605 154 
605 155 
605 156 
605 157 
605 606 
606 269 
606 605 
606 740 
606 777 
607 580 
607 608 
607 609 
607 610 
607 611 
607 612 
607 613 
607 614 
607 615 
607 616 
607 617 
607 618 
607 619 
607 620 
607 621 
607 622 
607 623 
608 580 
608 607 
608 609 
608 610 
608 613 
608 617 
608 619 
608 623 
609 607 
609 608 
609 610 
609 613 
609 617 
609 619 
610 607 
610 608 
610 609 
610 618 
610 619 
611 580 
611 607 
611 612 
611 613 
611 614 
611 615 
611 616 
611 618 
611 620 
611 621 
611 622 
611 623 
612 607 
612 611 
612 613 
612 618 
612 622 
613 580 
613 607 
613 608 
613 609 
613 611 
613 612 
613 620 
613 621 
613 622 
614 580 
614 607 
614 611 
614 618 
614 622 
615 580 
615 607 
615 611 
615 618 
615 622 
616 580 
616 607 
616 611 
616 618 
616 622 
617 607 
617 608 
617 609 
617 618 
617 619 
618 607 
618 610 
618 611 
618 612 
618 614 
618 615 
618 616 
618 617 
618 619 
618 622 
619 607 
619 608 
619 609 
619 610 
619 617 
619 618 
620 580 
620 607 
620 611 
620 613 
621 580 
621 607 
621 611 
621 613 
621 622 
622 580 
622 607 
622 611 
622 612 
622 613 
622 614 
622 615 
622 616 
622 618 
622 621 
622 623 
623 580 
623 607 
623 608 
623 611 
623 622 
624 46 
624 278 
624 797 
624 798 
625 180 
625 181 
625 445 
626 381 
626 430 
626 671 
626 672 
626 673 
626 674 
626 697 
626 817 
627 268 
627 638 
627 713 
627 805 
628 223 
628 224 
628 225 
628 226 
628 230 
628 280 
628 634 
628 635 
628 636 
628 773 
628 774 
629 253 
629 254 
629 256 
629 258 
629 260 
630 31 
630 32 
630 33 
630 165 
630 428 
630 449 
630 450 
630 545 
630 547 
630 550 
630 631 
630 632 
630 702 
630 804 
631 31 
631 449 
631 630 
632 31 
632 32 
632 449 
632 450 
632 630 
633 40 
633 323 
633 717 
634 628 
634 635 
634 636 
635 280 
635 628 
635 634 
635 636 
635 696 
635 773 
635 774 
636 235 
636 280 
636 628 
636 634 
636 635 
636 696 
636 773 
636 774 
637 1 
638 263 
638 269 
638 627 
638 713 
638 714 
639 242 
639 244 
639 245 
639 246 
640 354 
640 382 
640 449 
640 742 
641 793 
642 153 
642 264 
642 643 
642 644 
642 645 
643 153 
643 172 
643 174 
643 642 
643 645 
643 740 
643 777 
644 153 
644 506 
644 642 
644 740 
644 754 
644 755 
644 777 
644 778 
644 829 
644 861 
645 153 
645 173 
645 642 
645 643 
645 740 
645 741 
645 777 
645 862 
646 355 
647 355 
648 555 
648 556 
648 558 
648 559 
648 560 
648 561 
648 649 
648 650 
649 555 
649 558 
649 559 
649 648 
649 651 
650 555 
650 556 
650 557 
650 558 
650 559 
650 560 
650 648 
650 651 
651 555 
651 556 
651 558 
651 560 
651 561 
651 649 
651 650 
652 4 
652 205 
652 660 
653 79 
653 83 
653 654 
653 758 
653 759 
653 761 
653 818 
654 79 
654 653 
654 757 
654 758 
654 759 
654 760 
654 761 
654 762 
654 818 
654 823 
655 471 
655 656 
655 657 
655 658 
655 659 
656 471 
656 655 
656 658 
656 659 
657 471 
657 655 
657 659 
658 471 
658 655 
658 656 
658 659 
659 471 
659 655 
659 656 
659 657 
659 658 
659 802 
660 652 
661 145 
661 146 
661 147 
661 148 
661 149 
661 663 
662 145 
662 147 
662 148 
662 663 
663 145 
663 146 
663 147 
663 148 
663 149 
663 530 
663 531 
663 661 
663 662 
664 115 
664 355 
664 356 
664 361 
665 355 
665 666 
666 355 
666 665 
667 115 
667 355 
667 356 
667 361 
668 244 
668 389 
668 454 
668 478 
668 479 
669 241 
669 244 
669 390 
669 455 
669 478 
670 509 
671 76 
671 458 
671 461 
671 462 
671 464 
671 626 
671 672 
671 673 
671 674 
671 675 
672 153 
672 626 
672 671 
672 697 
673 153 
673 626 
673 671 
673 697 
674 626 
674 671 
674 697 
675 519 
675 671 
675 697 
675 705 
675 809 
675 840 
676 180 
676 677 
677 180 
677 445 
677 676 
678 25 
678 26 
678 40 
678 589 
678 592 
678 679 
679 39 
679 40 
679 589 
679 590 
679 591 
679 678 
680 681 
680 682 
681 285 
681 680 
681 682 
681 729 
682 680 
682 681 
682 729 
683 563 
683 567 
683 569 
684 563 
684 567 
684 569 
684 686 
685 563 
685 567 
685 569 
685 686 
686 563 
686 567 
686 569 
686 684 
686 685 
686 727 
686 728 
686 739 
686 854 
686 855 
687 563 
687 568 
687 569 
687 718 
688 152 
688 689 
689 688 
689 813 
689 825 
689 826 
690 431 
690 691 
690 692 
690 693 
690 694 
691 431 
691 690 
691 692 
691 693 
691 738 
691 743 
692 431 
692 690 
692 691 
692 693 
692 694 
693 431 
693 599 
693 690 
693 691 
693 692 
693 694 
694 431 
694 690 
694 692 
694 693 
695 254 
695 796 
696 226 
696 280 
696 635 
696 636 
697 199 
697 626 
697 672 
697 673 
697 674 
697 675 
697 816 
697 817 
698 263 
698 409 
698 413 
698 699 
698 701 
698 726 
699 409 
699 413 
699 583 
699 698 
699 701 
699 707 
699 843 
700 409 
700 413 
700 766 
701 409 
701 413 
701 698 
701 699 
702 33 
702 449 
702 450 
702 630 
703 540 
703 704 
704 703 
704 814 
704 857 
705 519 
705 675 
705 728 
705 733 
706 220 
706 519 
706 800 
707 312 
707 519 
707 699 
707 811 
707 833 
708 519 
709 292 
709 293 
709 296 
709 297 
710 240 
710 245 
710 246 
710 454 
711 240 
711 244 
711 389 
711 454 
712 240 
712 245 
712 246 
712 454 
713 627 
713 638 
713 714 
714 638 
714 713 
715 66 
715 70 
716 240 
716 242 
716 325 
716 717 
717 40 
717 323 
717 633 
717 716 
718 564 
718 565 
718 566 
718 567 
718 568 
718 569 
718 687 
719 432 
719 720 
719 721 
719 722 
719 723 
719 724 
719 725 
720 719 
720 721 
720 722 
720 723 
720 724 
721 432 
721 719 
721 720 
721 722 
721 723 
721 724 
721 725 
721 753 
722 432 
722 719 
722 720 
722 721 
722 723 
722 724 
722 725 
722 753 
722 763 
723 432 
723 719 
723 720 
723 721 
723 722 
723 724 
723 753 
724 432 
724 719 
724 720 
724 721 
724 722 
724 723 
724 725 
724 753 
725 432 
725 719 
725 721 
725 722 
725 724 
726 156 
726 339 
726 698 
727 686 
727 728 
728 686 
728 705 
728 727 
728 739 
728 854 
728 855 
729 681 
729 682 
730 45 
730 46 
730 48 
730 53 
730 54 
731 45 
731 46 
731 48 
731 53 
731 54 
732 45 
732 46 
732 48 
732 53 
732 54 
733 705 
733 772 
734 75 
734 76 
734 77 
734 284 
734 285 
735 75 
735 76 
735 77 
735 284 
735 285 
736 75 
736 76 
736 77 
736 284 
736 285 
737 322 
737 325 
737 421 
738 140 
738 401 
738 691 
739 686 
739 728 
740 153 
740 542 
740 606 
740 643 
740 644 
740 645 
740 741 
741 645 
741 740 
741 777 
742 382 
742 442 
742 556 
742 640 
743 691 
744 92 
744 93 
744 95 
744 423 
744 424 
745 92 
745 94 
745 95 
745 98 
745 424 
745 824 
746 25 
746 26 
746 28 
746 589 
746 747 
747 25 
747 26 
747 27 
747 28 
747 29 
747 590 
747 746 
747 748 
747 749 
747 750 
748 25 
748 26 
748 27 
748 28 
748 747 
749 25 
749 26 
749 590 
749 591 
749 747 
750 25 
750 26 
750 590 
750 591 
750 747 
751 25 
751 26 
751 27 
751 28 
751 29 
752 25 
752 26 
752 27 
752 28 
752 29 
753 432 
753 721 
753 722 
753 723 
753 724 
754 137 
754 138 
754 139 
754 141 
754 644 
755 68 
755 70 
755 101 
755 644 
755 830 
756 394 
756 395 
756 511 
756 512 
757 654 
757 758 
757 759 
757 760 
757 761 
757 762 
758 653 
758 654 
758 757 
758 759 
758 760 
758 761 
758 822 
759 653 
759 654 
759 757 
759 758 
759 760 
759 761 
759 762 
759 818 
760 654 
760 757 
760 758 
760 759 
760 761 
760 762 
760 818 
761 653 
761 654 
761 757 
761 758 
761 759 
761 760 
761 818 
762 654 
762 757 
762 759 
762 760 
762 818 
763 583 
763 722 
763 767 
764 6 
765 6 
765 249 
765 418 
765 419 
765 597 
765 598 
766 413 
766 583 
766 584 
766 700 
767 35 
767 583 
767 763 
768 219 
768 769 
769 81 
769 219 
769 768 
769 820 
770 28 
770 589 
770 590 
770 591 
770 592 
771 28 
771 589 
771 590 
771 591 
771 592 
772 733 
773 628 
773 635 
773 636 
774 628 
774 635 
774 636 
775 76 
775 77 
775 284 
775 285 
775 331 
776 76 
776 77 
776 284 
776 285 
776 331 
777 153 
777 606 
777 643 
777 644 
777 645 
777 741 
778 644 
779 780 
779 781 
779 782 
779 783 
779 784 
779 785 
779 786 
779 787 
779 788 
779 789 
779 790 
779 791 
779 792 
780 779 
780 781 
780 782 
780 784 
780 788 
780 789 
780 790 
780 791 
781 779 
781 780 
781 784 
781 788 
781 789 
782 779 
782 780 
782 783 
782 784 
782 788 
782 789 
782 790 
782 791 
782 792 
783 779 
783 782 
783 784 
783 788 
783 789 
784 599 
784 779 
784 780 
784 781 
784 782 
784 783 
784 785 
784 786 
784 787 
784 788 
784 789 
784 790 
784 791 
784 792 
785 779 
785 784 
785 786 
785 789 
786 779 
786 784 
786 785 
786 787 
786 789 
787 779 
787 784 
787 786 
787 789 
788 779 
788 780 
788 781 
788 782 
788 783 
788 784 
788 789 
788 792 
789 779 
789 780 
789 781 
789 782 
789 783 
789 784 
789 785 
789 786 
789 787 
789 788 
789 790 
789 791 
789 792 
790 779 
790 780 
790 782 
790 784 
790 789 
791 779 
791 780 
791 782 
791 784 
791 789 
792 779 
792 782 
792 784 
792 788 
792 789 
793 37 
793 54 
793 166 
793 443 
793 641 
794 35 
794 288 
794 314 
795 200 
796 258 
796 695 
797 624 
798 624 
799 122 
799 124 
799 127 
799 128 
799 129 
799 313 
799 848 
799 852 
799 853 
799 856 
800 220 
800 706 
801 433 
801 514 
801 841 
802 416 
802 659 
803 32 
803 33 
803 428 
803 449 
803 450 
804 32 
804 630 
805 316 
805 627 
805 806 
806 805 
807 284 
808 139 
808 299 
809 675 
809 810 
809 811 
810 43 
810 809 
810 832 
810 833 
811 312 
811 707 
811 809 
811 833 
812 813 
813 689 
813 812 
813 825 
813 826 
814 704 
815 246 
816 697 
817 97 
817 626 
817 697 
818 653 
818 654 
818 759 
818 760 
818 761 
818 762 
819 1 
820 81 
820 82 
820 219 
820 769 
821 389 
822 89 
822 758 
822 823 
823 89 
823 406 
823 654 
823 822 
824 94 
824 96 
824 98 
824 424 
824 745 
825 689 
825 813 
825 826 
826 157 
826 689 
826 813 
826 825 
827 435 
828 88 
828 836 
828 837 
828 838 
828 839 
829 153 
829 644 
830 127 
830 755 
831 418 
831 580 
832 810 
833 312 
833 707 
833 810 
833 811 
834 327 
835 341 
835 342 
836 828 
836 837 
836 838 
836 839 
837 828 
837 836 
837 838 
837 839 
838 828 
838 836 
838 837 
839 828 
839 836 
839 837 
840 675 
841 801 
842 154 
843 413 
843 471 
843 699 
844 471 
844 850 
845 258 
846 371 
847 200 
848 125 
848 127 
848 799 
848 852 
848 853 
849 281 
850 844 
851 316 
851 317 
852 799 
852 848 
852 853 
853 127 
853 799 
853 848 
853 852 
853 856 
854 686 
854 728 
855 686 
855 728 
856 127 
856 130 
856 799 
856 853 
857 704 
858 446 
859 473 
860 595 
861 644 
862 63 
862 645 
