1 1 3
2 1 .5
64 1 .5
282 1 1
283 1 0
2 2 3
3 2 .5
281 2 1
282 2 0
3 3 3
4 3 .5
280 3 1
281 3 0
4 4 3
5 4 .5
279 4 1
280 4 0
5 5 3
6 5 .5
278 5 1
279 5 0
6 6 3
7 6 .5
277 6 1
278 6 0
7 7 3
8 7 .5
276 7 1
277 7 0
8 8 3
9 8 .5
275 8 1
276 8 0
9 9 2
10 9 .5
275 9 0
10 10 3
11 10 .5
275 10 1
11 11 3
12 11 .5
260 11 1
275 11 0
12 12 3
13 12 .5
245 12 1
260 12 0
13 13 3
14 13 .5
230 13 1
245 13 0
14 14 3
15 14 .5
215 14 1
230 14 0
15 15 3
16 15 .5
200 15 1
215 15 0
16 16 3
17 16 .5
185 16 1
200 16 0
17 17 3
18 17 .5
170 17 1
185 17 0
18 18 3
19 18 .5
155 18 1
170 18 0
19 19 3
20 19 .5
140 19 1
155 19 0
20 20 3
21 20 .5
125 20 1
140 20 0
21 21 3
22 21 .5
110 21 1
125 21 0
22 22 3
23 22 .5
95 22 1
110 22 0
23 23 3
24 23 .5
80 23 1
95 23 0
24 24 3
25 24 .5
65 24 1
80 24 0
25 25 2
26 25 .5
65 25 0
26 26 3
27 26 .5
65 26 1
66 26 0
27 27 3
28 27 .5
66 27 1
67 27 0
28 28 3
29 28 .5
67 28 1
68 28 0
29 29 3
30 29 .5
68 29 1
69 29 0
30 30 3
31 30 .5
69 30 1
70 30 0
31 31 3
32 31 .5
70 31 1
71 31 0
32 32 3
33 32 .5
71 32 1
72 32 0
33 33 3
34 33 .5
72 33 1
73 33 0
34 34 3
35 34 .5
73 34 1
74 34 0
35 35 3
36 35 .5
74 35 1
75 35 0
36 36 3
37 36 .5
75 36 1
76 36 0
37 37 3
38 37 .5
76 37 1
77 37 0
38 38 3
39 38 .5
77 38 1
78 38 0
39 39 3
40 39 .5
78 39 1
79 39 0
40 40 3
41 40 .5
79 40 1
41 41 2
42 41 .5
79 41 0
42 42 3
43 42 .5
79 42 1
94 42 0
43 43 3
44 43 .5
94 43 1
109 43 0
44 44 3
45 44 .5
109 44 1
124 44 0
45 45 3
46 45 .5
124 45 1
139 45 0
46 46 3
47 46 .5
139 46 1
154 46 0
47 47 3
48 47 .5
154 47 1
169 47 0
48 48 3
49 48 .5
169 48 1
184 48 0
49 49 3
50 49 .5
184 49 1
199 49 0
50 50 3
51 50 .5
199 50 1
214 50 0
51 51 3
52 51 .5
214 51 1
229 51 0
52 52 3
53 52 .5
229 52 1
244 52 0
53 53 3
54 53 .5
244 53 1
259 53 0
54 54 3
55 54 .5
259 54 1
274 54 0
55 55 3
56 55 .5
274 55 1
289 55 0
56 56 3
57 56 .5
289 56 1
57 57 2
58 57 .5
289 57 0
58 58 3
59 58 .5
289 58 1
59 59 3
60 59 .5
288 59 1
289 59 0
60 60 3
61 60 .5
287 60 1
288 60 0
61 61 3
62 61 .5
286 61 1
287 61 0
62 62 3
63 62 .5
285 62 1
286 62 0
63 63 3
64 63 .5
284 63 1
285 63 0
64 64 3
283 64 1
284 64 0
65 65 5
66 65 1
80 65 1
81 65 0
66 66 5
67 66 1
81 66 1
82 66 0
67 67 5
68 67 1
82 67 1
83 67 0
68 68 5
69 68 1
83 68 1
84 68 0
69 69 5
70 69 1
84 69 1
85 69 0
70 70 5
71 70 1
85 70 1
86 70 0
71 71 5
72 71 1
86 71 1
87 71 0
72 72 5
73 72 1
87 72 1
88 72 0
73 73 5
74 73 1
88 73 1
89 73 0
74 74 5
75 74 1
89 74 1
90 74 0
75 75 5
76 75 1
90 75 1
91 75 0
76 76 5
77 76 1
91 76 1
92 76 0
77 77 5
78 77 1
92 77 1
93 77 0
78 78 5
79 78 1
93 78 1
94 78 0
79 79 5
94 79 1
80 80 5
81 80 1
95 80 1
96 80 0
81 81 5
82 81 1
96 81 1
97 81 0
82 82 5
83 82 1
97 82 1
98 82 0
83 83 5
84 83 1
98 83 1
99 83 0
84 84 5
85 84 1
99 84 1
100 84 0
85 85 5
86 85 1
100 85 1
101 85 0
86 86 5
87 86 1
101 86 1
102 86 0
87 87 5
88 87 1
102 87 1
103 87 0
88 88 5
89 88 1
103 88 1
104 88 0
89 89 5
90 89 1
104 89 1
105 89 0
90 90 5
91 90 1
105 90 1
106 90 0
91 91 5
92 91 1
106 91 1
107 91 0
92 92 5
93 92 1
107 92 1
108 92 0
93 93 5
94 93 1
108 93 1
109 93 0
94 94 5
109 94 1
95 95 5
96 95 1
110 95 1
111 95 0
96 96 5
97 96 1
111 96 1
112 96 0
97 97 5
98 97 1
112 97 1
113 97 0
98 98 5
99 98 1
113 98 1
114 98 0
99 99 5
100 99 1
114 99 1
115 99 0
100 100 5
101 100 1
115 100 1
116 100 0
101 101 5
102 101 1
116 101 1
117 101 0
102 102 5
103 102 1
117 102 1
118 102 0
103 103 5
104 103 1
118 103 1
119 103 0
104 104 5
105 104 1
119 104 1
120 104 0
105 105 5
106 105 1
120 105 1
121 105 0
106 106 5
107 106 1
121 106 1
122 106 0
107 107 5
108 107 1
122 107 1
123 107 0
108 108 5
109 108 1
123 108 1
124 108 0
109 109 5
124 109 1
110 110 5
111 110 1
125 110 1
126 110 0
111 111 5
112 111 1
126 111 1
127 111 0
112 112 5
113 112 1
127 112 1
128 112 0
113 113 5
114 113 1
128 113 1
129 113 0
114 114 5
115 114 1
129 114 1
130 114 0
115 115 5
116 115 1
130 115 1
131 115 0
116 116 5
117 116 1
131 116 1
132 116 0
117 117 5
118 117 1
132 117 1
133 117 0
118 118 5
119 118 1
133 118 1
134 118 0
119 119 5
120 119 1
134 119 1
135 119 0
120 120 5
121 120 1
135 120 1
136 120 0
121 121 5
122 121 1
136 121 1
137 121 0
122 122 5
123 122 1
137 122 1
138 122 0
123 123 5
124 123 1
138 123 1
139 123 0
124 124 5
139 124 1
125 125 5
126 125 1
140 125 1
141 125 0
126 126 5
127 126 1
141 126 1
142 126 0
127 127 5
128 127 1
142 127 1
143 127 0
128 128 5
129 128 1
143 128 1
144 128 0
129 129 5
130 129 1
144 129 1
145 129 0
130 130 5
131 130 1
145 130 1
146 130 0
131 131 5
132 131 1
146 131 1
147 131 0
132 132 5
133 132 1
147 132 1
148 132 0
133 133 5
134 133 1
148 133 1
149 133 0
134 134 5
135 134 1
149 134 1
150 134 0
135 135 5
136 135 1
150 135 1
151 135 0
136 136 5
137 136 1
151 136 1
152 136 0
137 137 5
138 137 1
152 137 1
153 137 0
138 138 5
139 138 1
153 138 1
154 138 0
139 139 5
154 139 1
140 140 5
141 140 1
155 140 1
156 140 0
141 141 5
142 141 1
156 141 1
157 141 0
142 142 5
143 142 1
157 142 1
158 142 0
143 143 5
144 143 1
158 143 1
159 143 0
144 144 5
145 144 1
159 144 1
160 144 0
145 145 5
146 145 1
160 145 1
161 145 0
146 146 5
147 146 1
161 146 1
162 146 0
147 147 5
148 147 1
162 147 1
163 147 0
148 148 5
149 148 1
163 148 1
164 148 0
149 149 5
150 149 1
164 149 1
165 149 0
150 150 5
151 150 1
165 150 1
166 150 0
151 151 5
152 151 1
166 151 1
167 151 0
152 152 5
153 152 1
167 152 1
168 152 0
153 153 5
154 153 1
168 153 1
169 153 0
154 154 5
169 154 1
155 155 5
156 155 1
170 155 1
171 155 0
156 156 5
157 156 1
171 156 1
172 156 0
157 157 5
158 157 1
172 157 1
173 157 0
158 158 5
159 158 1
173 158 1
174 158 0
159 159 5
160 159 1
174 159 1
175 159 0
160 160 5
161 160 1
175 160 1
176 160 0
161 161 5
162 161 1
176 161 1
177 161 0
162 162 5
163 162 1
177 162 1
178 162 0
163 163 5
164 163 1
178 163 1
179 163 0
164 164 5
165 164 1
179 164 1
180 164 0
165 165 5
166 165 1
180 165 1
181 165 0
166 166 5
167 166 1
181 166 1
182 166 0
167 167 5
168 167 1
182 167 1
183 167 0
168 168 5
169 168 1
183 168 1
184 168 0
169 169 5
184 169 1
170 170 5
171 170 1
185 170 1
186 170 0
171 171 5
172 171 1
186 171 1
187 171 0
172 172 5
173 172 1
187 172 1
188 172 0
173 173 5
174 173 1
188 173 1
189 173 0
174 174 5
175 174 1
189 174 1
190 174 0
175 175 5
176 175 1
190 175 1
191 175 0
176 176 5
177 176 1
191 176 1
192 176 0
177 177 5
178 177 1
192 177 1
193 177 0
178 178 5
179 178 1
193 178 1
194 178 0
179 179 5
180 179 1
194 179 1
195 179 0
180 180 5
181 180 1
195 180 1
196 180 0
181 181 5
182 181 1
196 181 1
197 181 0
182 182 5
183 182 1
197 182 1
198 182 0
183 183 5
184 183 1
198 183 1
199 183 0
184 184 5
199 184 1
185 185 5
186 185 1
200 185 1
201 185 0
186 186 5
187 186 1
201 186 1
202 186 0
187 187 5
188 187 1
202 187 1
203 187 0
188 188 5
189 188 1
203 188 1
204 188 0
189 189 5
190 189 1
204 189 1
205 189 0
190 190 5
191 190 1
205 190 1
206 190 0
191 191 5
192 191 1
206 191 1
207 191 0
192 192 5
193 192 1
207 192 1
208 192 0
193 193 5
194 193 1
208 193 1
209 193 0
194 194 5
195 194 1
209 194 1
210 194 0
195 195 5
196 195 1
210 195 1
211 195 0
196 196 5
197 196 1
211 196 1
212 196 0
197 197 5
198 197 1
212 197 1
213 197 0
198 198 5
199 198 1
213 198 1
214 198 0
199 199 5
214 199 1
200 200 5
201 200 1
215 200 1
216 200 0
201 201 5
202 201 1
216 201 1
217 201 0
202 202 5
203 202 1
217 202 1
218 202 0
203 203 5
204 203 1
218 203 1
219 203 0
204 204 5
205 204 1
219 204 1
220 204 0
205 205 5
206 205 1
220 205 1
221 205 0
206 206 5
207 206 1
221 206 1
222 206 0
207 207 5
208 207 1
222 207 1
223 207 0
208 208 5
209 208 1
223 208 1
224 208 0
209 209 5
210 209 1
224 209 1
225 209 0
210 210 5
211 210 1
225 210 1
226 210 0
211 211 5
212 211 1
226 211 1
227 211 0
212 212 5
213 212 1
227 212 1
228 212 0
213 213 5
214 213 1
228 213 1
229 213 0
214 214 5
229 214 1
215 215 5
216 215 1
230 215 1
231 215 0
216 216 5
217 216 1
231 216 1
232 216 0
217 217 5
218 217 1
232 217 1
233 217 0
218 218 5
219 218 1
233 218 1
234 218 0
219 219 5
220 219 1
234 219 1
235 219 0
220 220 5
221 220 1
235 220 1
236 220 0
221 221 5
222 221 1
236 221 1
237 221 0
222 222 5
223 222 1
237 222 1
238 222 0
223 223 5
224 223 1
238 223 1
239 223 0
224 224 5
225 224 1
239 224 1
240 224 0
225 225 5
226 225 1
240 225 1
241 225 0
226 226 5
227 226 1
241 226 1
242 226 0
227 227 5
228 227 1
242 227 1
243 227 0
228 228 5
229 228 1
243 228 1
244 228 0
229 229 5
244 229 1
230 230 5
231 230 1
245 230 1
246 230 0
231 231 5
232 231 1
246 231 1
247 231 0
232 232 5
233 232 1
247 232 1
248 232 0
233 233 5
234 233 1
248 233 1
249 233 0
234 234 5
235 234 1
249 234 1
250 234 0
235 235 5
236 235 1
250 235 1
251 235 0
236 236 5
237 236 1
251 236 1
252 236 0
237 237 5
238 237 1
252 237 1
253 237 0
238 238 5
239 238 1
253 238 1
254 238 0
239 239 5
240 239 1
254 239 1
255 239 0
240 240 5
241 240 1
255 240 1
256 240 0
241 241 5
242 241 1
256 241 1
257 241 0
242 242 5
243 242 1
257 242 1
258 242 0
243 243 5
244 243 1
258 243 1
259 243 0
244 244 5
259 244 1
245 245 5
246 245 1
260 245 1
261 245 0
246 246 5
247 246 1
261 246 1
262 246 0
247 247 5
248 247 1
262 247 1
263 247 0
248 248 5
249 248 1
263 248 1
264 248 0
249 249 5
250 249 1
264 249 1
265 249 0
250 250 5
251 250 1
265 250 1
266 250 0
251 251 5
252 251 1
266 251 1
267 251 0
252 252 5
253 252 1
267 252 1
268 252 0
253 253 5
254 253 1
268 253 1
269 253 0
254 254 5
255 254 1
269 254 1
270 254 0
255 255 5
256 255 1
270 255 1
271 255 0
256 256 5
257 256 1
271 256 1
272 256 0
257 257 5
258 257 1
272 257 1
273 257 0
258 258 5
259 258 1
273 258 1
274 258 0
259 259 5
274 259 1
260 260 5
261 260 1
275 260 1
276 260 0
261 261 5
262 261 1
276 261 1
277 261 0
262 262 5
263 262 1
277 262 1
278 262 0
263 263 5
264 263 1
278 263 1
279 263 0
264 264 5
265 264 1
279 264 1
280 264 0
265 265 5
266 265 1
280 265 1
281 265 0
266 266 5
267 266 1
281 266 1
282 266 0
267 267 5
268 267 1
282 267 1
283 267 0
268 268 5
269 268 1
283 268 1
284 268 0
269 269 5
270 269 1
284 269 1
285 269 0
270 270 5
271 270 1
285 270 1
286 270 0
271 271 5
272 271 1
286 271 1
287 271 0
272 272 5
273 272 1
287 272 1
288 272 0
273 273 5
274 273 1
288 273 1
289 273 0
274 274 5
289 274 1
275 275 5
276 275 1
276 276 5
277 276 1
277 277 5
278 277 1
278 278 5
279 278 1
279 279 5
280 279 1
280 280 5
281 280 1
281 281 5
282 281 1
282 282 5
283 282 1
283 283 5
284 283 1
284 284 5
285 284 1
285 285 5
286 285 1
286 286 5
287 286 1
287 287 5
288 287 1
288 288 5
289 288 1
289 289 5
