-0.5438035280410638
2.174137427770688
-9.054916457916658
-0.02886626684971816
-5.125570895805229
6.292587806058677
7.262583358235851
1.608334777623007
6.278420404456288
7.396290752200567
-9.254338545282405
-4.935813861684669
-9.254537375985006
-8.940595234227752
-3.687866051662601
-0.1339735985885433
-5.344674481257612
4.693317586296519
-5.747220060278541
3.093564576776519
2.864229692736746
-3.877983865629645
2.565654021620992
-2.090707548537437
4.791135136531903
9.859838715907124
-5.527387236592169
-4.500177250149452
-8.846372134132199
9.101759859932162
1.703754852845059
-3.047531685366859
9.39812843172405
7.631260612796524
1.523706992922591
-7.787040805737792
9.273947873969128
-6.729025708612163
7.364926175211913
-6.451698458096604
-7.879507234066244
-7.732930991958796
-7.636083510072604
-8.918528821083015
-8.321300912814415
-7.083482807628527
-9.452756820712722
3.536383008858603
9.53288088788041
1.765005473354389
0.4545432493817394
-3.094360249433836
-1.482829926478837
8.397566268626889
1.872667172756772
5.948994651350734
5.457570778982831
3.385208780952926
-7.837871047887871
5.779825463174399
-5.044406856672079
-2.433007823402075
9.762634773721366
6.208990254914614
7.399610085086145
1.037859338020164
-5.892434492000856
-0.00336975052637456
8.111479864263682
-7.093162720345118
-5.962271362873913
-7.734970428685067
4.205453161505533
8.61769397197601
9.26788913370962
9.84793203655094
-7.847535112640565
6.816619313373561
-3.865269604516143
5.610267062501173
5.170285455928685
-8.031486044207258
1.275207552762962
-8.492203501319064
3.521199677408802
-3.695047905941996
3.082517401080068
-9.637319287939315
-5.320685643268111
-1.966302794728529
9.334900863943055
5.711135395383964
-6.772880058965249
-1.140138722991304
9.399212825338751
2.309265363583542
9.258919768194133
6.849345144984881
-4.882586543830732
-8.688390389554558
2.658888255032048
2.31352905862126
-4.445283774010726
-0.8127373659563517
9.219270725157848
-7.567800682435092
-2.247298334967659
2.499457665093129
4.713127775029808
0.09747804316383402
-4.648142774115672
-6.672633236591156
6.061616835732242
5.132484546796947
9.986462263223103
-7.099921182602959
-3.327289077001558
-8.981665153853015
0.6420268846852206
3.353776581237726
-4.322069339324296
6.836976801350037
3.603344692977029
7.714614629206892
7.123481390892977
-1.235561328064389
5.790353173157872
-5.576287341623935
5.614530714493135
0.9430588666832982
7.614420901620377
-2.13967009387323
-1.680791142767667
3.839581407896453
-5.062429070603146
9.475160103619579
8.896880669896298
0.1960459725304364
-6.418514348516449
2.701999051232558
-6.090757301861194
-3.653847782251221
-0.6510549325131354
-5.375181037481262
-0.9756097256293792
0.04216871830248081
-1.188100904061729
0.2960429816414294
-3.978586067614479
-9.014500889985344
-1.258657974765468
-3.778699902734681
3.821354428787449
4.418780787075629
1.800393983744737
-2.22865953819626
2.407325868370854
-6.608435652819947
-5.651776925326101
7.51888133381637
-2.779399773907012
-4.133477737959015
6.405954198656396
5.36899601370566
4.5044230370432
-1.170407629806009
-7.274913506391876
-4.393020052582656
8.60840497246426
-3.899234987951916
6.189325707003583
-1.317224124743316
7.021824422039909
0.9403606819378751
-1.791417053407443
1.400925863746281
3.105868008720122
-1.989368690948552
3.890621002047165
-4.809513245686848
7.716851398322984
-1.63419596671455
7.981122406213856
-1.27485475215383
6.782012282442405
8.164750808668288
-4.067022480614161
-8.018429288865857
-9.637000111404358
-4.059180797626782
-4.819877185994441
-7.280422417557171
6.74266561932204
9.125713627893688
7.617931534119279
6.50665276571576
0.009785018550507729
5.903676341410813
3.19262986978211
-3.39462616399819
9.702555861288317
0.7201969168598907
4.52704718494962
-0.3642276603013688
0.2115846373368235
3.295546496610207
-2.699842093116468
-8.243807797661852
0.2379198357454584
3.98131037907733
0.3210094219658224
-2.836534446323135
6.981577496197435
-0.1044936807994326
1.593489356786801
2.131079824658919
3.595531608094298
6.197766034163191
4.231009075565165
0.815000255685046
1.292966758038521
7.05688532209307
-1.207556578956307
-5.830541726697486
-5.89144539818991
-5.849086381132239
8.510693181970439
-4.643850680472058
3.428239956338953
-3.94241834965341
-4.255292182199538
1.854780928703905
4.260544614784482
1.25733568309249
9.075488569304227
-6.735964264597536
-0.9242780242114481
-6.050413258579391
8.281345962205464
2.862549973794584
-4.356618136091104
8.982782394757798
-7.288446515311134
-2.43825792884314
4.339458876698233
6.123616684010504
7.674170306405962
7.210233138967656
0.3584227306326664
9.72142265804748
4.159895789935392
-2.516923881911394
0.6833273309408838
-1.878718188533083
-8.475509501326659
3.749155239020546
0.2264183026295932
7.429114352106446
4.771587299494069
9.774224704884059
-3.474356858783469
2.263079202273159
0.01821643934050421
-6.18135552676347
-1.577719302474417
6.079153598020749
5.080177370689253
8.089686170555868
-6.038723931984073
-5.976499866128948
-7.989823181653817
9.272468846098914
5.579029733101798
-8.01108645241219
-0.2401300113695921
-4.415930050749769
-0.6151603300900579
-7.528718302052985
3.835456074449448
8.518631816630922
2.091437069153288
7.569281475581892
9.782837846539657
-4.252943731076202
1.120211832698049
-3.875131127587521
9.363376684206475
0.3474818826498911
-7.441581722700544
-9.111682595166993
-9.908274537821267
4.078385452640564
6.817141207428008
-1.573830273680148
2.332121591688541
5.867954528752442
-3.611408702335817
7.685262201551566
-7.399044613631606
-9.440205565012629
