7.644119645751857
-0.3333462569619741
-6.20003280460395
-9.137643907324675
3.72681750034568
0.4214579087982848
8.119754404613101
5.740979989149675
-9.962065546435102
-5.611064598736241
-9.940038265214675
-2.049459254519047
7.326368326037692
-3.108376880150434
7.955922467364786
-0.7253928837654726
5.26378222221947
-7.883805845575365
0.63716181002067
1.266104756533528
-4.959360687293186
-4.2956557360321
-4.144491774670298
-5.866590523257119
1.469681902393914
1.108165333587701
-1.731546869747504
6.391561907099032
0.6432975429424701
-6.852961402295226
3.465912816678012
5.147893983820664
-4.666442395503946
2.913626277320994
