7.68493174524896
8.12497747451895
-5.919823723539385
0.8966485491562857
1.344016977893256
9.002126574934234
3.430145203881663
0.2870136504175402
-6.413530027022849
8.986458590148843
5.672317006045034
-1.452780346513563
-9.226522839317226
4.362816646954196
-3.17725107562506
-9.07549407715436
-8.040691594551442
-0.3202813074664199
-2.047169141966044
7.537700654148903
9.067420016168487
4.855100287049211
2.374871175000564
6.232161287648672
-8.554303088772041
5.58529366226802
-3.777076790818793
-5.433537989015043
4.491615797164991
-9.680557110707477
2.205751013610648
6.659275132872086
1.486371855908031
-0.4118801883291496
1.106774243406587
-9.827578481333534
2.506461712951516
-4.892387815603451
-6.576250805293455
-2.009847062205373
-8.157039501617469
-3.315105499696478
8.338068420858121
-8.133325357153449
-4.115951533909469
5.707367698018118
-9.539769471320653
3.950458095872522
-6.894102668594131
-6.424093559399083
-5.737569151080898
7.429633565961694
9.405366936075477
4.671319348432396
-3.981601040390748
-3.57761262726216
2.597190461242091
3.073500239815161
6.325518814367065
1.794722297500883
8.557802807080233
-2.815480644181036
5.535558025021118
-9.284878351002035
-2.402814592121155
8.915432069323007
-6.908164537581419
2.803162843959864
2.692654024876305
-3.25379503940761
-2.923324500387449
5.089140780206527
7.404584818518796
0.2746388872183481
6.850924826952422
-3.982356951791406
8.500138817134776
6.665036494453922
2.247150127665417
-8.346667866614252
-3.877116367314506
9.57269745247935
-4.413942075568183
-7.382286819577715
-5.904518624722733
-8.743823228744869
-2.963996973524314
-3.078786103080354
8.779931665585295
2.9627750535668
0.03043114460125906
5.754893288466182
-5.005251140109721
-1.77937663011935
4.004584221181549
5.279962506893533
2.487025938603946
-9.093907293278205
-5.782471728913833
-0.5288088959920731
-3.70968939974459
4.594116234424794
7.800696128473142
1.117479465219557
9.214625456326903
-1.188713182773192
9.150680829584125
4.481955708217125
-5.311052506972345
0.2570148872465481
4.614001260547543
-5.601295397469513
7.624974858145318
-9.201810832811162
-4.111817401395261
-4.440253044569669
-2.84155572905016
-0.7725048482287988
0.4849599336650812
-1.587788808370917
2.42532271374214
-2.064545849212545
-2.872207367125203
9.014538198169262
0.06624400498152561
-9.172730396959246
-0.8113458276271572
6.222334711884802
5.794428801335524
-2.131610376433652
7.510169595035123
6.187925667407093
2.43045615746059
7.881188660133162
7.009114102998705
-9.294564671073317
-8.872293988937958
6.618263379946107
-5.113996140228325
8.477347239862038
-9.868248240538675
2.519217589586201
-5.00027053966679
-5.166466478202426
-4.260394224581704
0.186723035726553
-3.428882574012349
1.794780774209732
7.073237825663298
-5.531913694532488
2.430177107447262
2.546265981662611
-3.668942350077248
-2.776563642298402
-5.342524501676733
2.55344187994379
9.430878425277466
-9.20560745691767
1.9938937366676
9.304148694491158
-0.8795259133595739
-0.5820756281521771
2.365775179018495
-7.152533253059549
9.093770224396696
6.319153905675908
-7.724024094375036
-9.116398145400797
4.787826407827474
-4.001545267647457
3.479238619556245
-5.861080319694596
-1.360196964767411
4.811226063776823
-0.162991670914721
6.895442076208933
-3.543602975733712
8.631028481725107
-1.984446892642085
9.911644438851795
8.586849017153327
-7.542437587824441
5.413449395018828
5.850911068518556
-0.3186099484446316
-3.987209923962034
3.764202941437812
1.758172520657581
-0.3258216013415431
0.8108399135702999
5.863115037564475
-1.643755711574657
-3.886783916678191
6.706835989950442
6.062208387962023
2.846274340166183
-8.404950112792266
5.512838847483144
5.677137428725491
8.791764324173467
-3.963880312975868
1.688664039802232
-4.978467951799008
6.150848273742412
-4.028645987040576
2.562034654277848
-2.179806071446801
-2.532242513757716
5.20491990307807
4.883459424067143
-3.727735253587813
-2.986597748482388
-3.31875704805642
-3.642946563491415
2.646178448707552
-3.229829344031604
-7.011015595758217
5.259705105042261
7.750595139975104
-8.938899228174863
-4.648158296651957
7.857510076890946
-5.333781493592891
5.033212367073119
-3.36319813669014
-9.761071854640333
-0.66913381483071
-1.615830138029402
0.4375810891474092
6.696248304945339
7.157731795758345
9.834746704282097
2.850610459357965
-0.09083010254969537
5.465278343460104
1.070019885466047
-5.892289941180653
-8.043174351473979
2.285431536352046
2.217457241230989
7.223138908506456
-0.3662124701947516
1.43567049779853
0.4922439066220523
-1.198095772067516
-0.4811043047149592
1.319835403337887
-5.198009748906996
2.231423804309694
-5.158594640333813
-5.305437734867904
-4.447158550557812
2.790686717344315
5.442141640910851
-6.010325027604662
1.248001138196912
-8.487315956419122
-6.377472704776618
-8.602389941638535
1.185482131318809
0.1217532412343107
-3.460322390596361
-9.278387309142955
-4.558771746686191
-3.435634205186723
-7.226262757161907
9.637477098720556
0.8463315985957731
9.323009016430571
-8.445838007647192
7.964116938751641
-4.498543518634368
0.9603051119017341
6.397602727004919
2.492252057182364
-0.4975765308900186
4.648105146608968
-1.580648735378922
-4.992276255948395
2.965260143738039
-2.255585220355502
3.91392915891814
-5.515574021089696
-4.444865472215355
-0.4176483655764027
-5.367222447018364
3.469277839190756
1.927864477973618
-2.872118695697764
-3.559843585276322
-3.775635132492728
5.035530209062316
8.608040241232256
-9.556420246968285
-6.940002021675457
1.089676260745801
-6.979015529979542
-7.923456012346234
-9.470675568313579
3.141076342499826
0.7264401686950084
8.483263298983918
-9.623493045121831
7.331257519598584
-7.363279232886372
6.670047449276836
-7.506908551569298
-1.796047548858491
2.789409034609676
-7.940965585542964
9.757703414981655
1.032554120657199
2.5025407546862
3.254644859913633
-3.244069989617917
2.228616881823601
8.731280222454345
-5.743648537835403
8.990309273116122
8.473053531290002
4.910131602748715
5.593796319220843
6.788721493683802
-5.90670551349003
-9.658279979283019
-1.578549072085266
-1.105538710432718
-3.589897024430783
4.715568145751895
4.922288411482391
4.752223178933273
3.976788934584912
5.228719961992049
-7.195474200553527
-5.409096095316587
-6.423164332995379
-4.712085217957914
-5.405115837616147
-1.917499097817052
5.636535740394974
-3.001609036115472
1.404521532713458
-9.447694198741548
9.215296693627828
7.902139437988303
4.142845836255306
9.769863932556348
4.601018839192115
1.372655677641223
-7.073990234138486
9.404587734609581
-0.1403363735297454
7.579648823722195
7.636720853127144
4.689160366424225
2.756864533867709
-3.478189940719916
-8.409265514815598
-9.369708794758132
-4.344431476380931
-2.917326536352965
0.2000745939524169
-0.3981725536951402
8.453321584882453
-2.586158458235007
6.557666797912766
1.468887537551876
-6.573872331322576
-3.818592449980538
8.294788546630347
-1.099913791608436
-0.770288937628079
1.465129529444567
9.275987405788161
-9.632248984530698
-9.268267600678445
4.130132499377638
4.539315641958011
-3.70571560465425
3.355282049043332
-7.914514017106798
4.367480035637506
9.894375956629247
-9.810338781608309
-8.131657759019685
-8.881320523347014
-3.959195970684426
-6.039242494984096
-6.457376100338671
-0.7767331323928772
-3.677426116498434
1.830325167234939
-2.020006157348347
-2.312064880909221
-3.918213432985794
5.249541637993389
-0.2288830286876991
8.319755401370294
-1.5738528422167
8.010908176320228
-0.3174384829128556
5.626421843685335
9.901082763948484
-2.616781903307723
-0.3575959759618517
7.729158259622174
1.630326387110813
-8.585301780269974
2.889589361200208
-6.966112627929033
1.079133829429439
-3.041240367610111
-9.315163326802262
0.2386123736050081
9.610592657504299
-6.029791383458668
-2.355443582597498
8.165798391397736
-6.135792564460086
8.010356259418238
-1.534701531292768
4.317063533191373
-4.905737025162557
-6.6565085733473
2.928277039861747
5.056655870594767
6.073487032839186
0.1515535206531933
-1.154671816690499
-9.722864383838605
4.324989927219418
5.016478323442193
4.15906599269684
2.40611652668305
4.494245023740886
1.609612604600986
1.75361982838545
-1.60369548020833
1.028048097503476
1.311038830795505
0.2150717680620833
-8.085676120342736
6.332074574523464
0.7605612905222987
-0.5979287477407027
7.814137021191321
0.9882226233265214
-7.512522915363014
-1.338620547042179
8.224839674427258
-6.300318654496365
0.7939541349803907
-6.887509412964715
3.96444672698072
-4.384678224247534
8.652934364052051
7.045033776181661
7.91565593877521
0.488871927096973
-0.5218653541865041
-5.335396300843809
0.9222452621156485
-1.11767963136514
7.951763328659336
5.843004568932692
9.05348418815279
-1.269148723515517
-1.777196612272874
3.421287977834721
-5.781432595092699
8.676188345446615
3.232700422947726
-3.602408908870461
7.993682120135485
7.00862934525713
-2.762777470747139
7.167371069236594
5.726112110287735
3.13844960883403
-5.521185087561518
7.300101588499924
-7.739283718481319
6.504463697256327
0.8677239959392296
-8.366495800621715
-3.942298485701662
-6.428624131282745
-1.601261980407063
4.355105471937062
1.035457583297273
-0.9730962612715413
-8.961793967873076
-2.063028260598538
-1.2206487850087
9.794476718709237
8.054487249757663
-9.06045654618821
3.336525334781042
4.178904171725307
-3.697362208064794
-9.201531088896852
-4.10096827351249
5.039998653859914
-5.299960986404935
0.4175066269890859
7.895267430145473
-7.396432705704684
-8.724999017684903
-9.970401688944218
1.736177122654048
3.820305092991067
-8.094532554187531
1.247112400683383
6.382501294362896
1.499746117600562
-0.9678645458550506
0.718750266608799
1.342134332619629
9.616931037272131
8.465786612914627
1.434240367889444
4.268054377200979
1.689743570317203
-3.554971412564496
5.578683760367738
4.673834703995684
1.057856141242915
-2.333004369995463
-9.945204817082189
-6.962686503763649
-1.752335538797366
2.823394334010509
-3.964203225979545
8.124854043073103
8.674051054646256
-8.907319085224804
4.022088848395436
9.120273453876298
-6.268852873752746
3.783433324171524
9.902853573658298
6.653213165964139
5.191079881478011
1.343742990478409
-5.201661109977841
2.865524083102486
9.08096193756219
3.164358995880898
-5.61965508286735
-8.532680345982463
-2.991172496574363
5.773722626693264
-5.095986277440511
8.187037752071749
7.59600726176776
1.73454045297721
5.325562540941153
5.11379346575459
1.01574134061028
6.984829872629746
-2.315475028285416
-4.079099229698505
9.430437195785402
-6.521384634862148
-7.352109015740316
-3.283264629292609
7.646652685229085
0.5113046003106252
-5.423414095933732
-5.610142439855682
-3.027422589118991
-8.020208612052619
-3.417762430609013
6.267731795181653
-1.008387995068228
9.904540731493405
9.105701965199533
8.003059646831328
5.509279476684512
-9.71409249816468
4.77838105280151
-2.296416342417932
3.452337673416038
2.932829148743707
3.227672441170924
-2.869884738814558
-6.805761325063354
-4.805748222415373
-4.543163138114209
0.6234499785602097
7.448708369965281
-9.224970665764255
-3.358721509948036
6.134486725664054
3.201109626665939
-1.857248764794807
-7.184099666377614
-1.84248247037085
6.062279630229678
8.127860247618269
5.065234184766895
6.268347042579002
-8.021181725865976
-3.1951567290311
6.741046087109904
-8.778425264542602
-0.8488876701756851
3.973338571699152
2.833694357224175
-1.212974184437146
-5.396112719201194
-2.42927182806885
-5.193848381358828
7.044409453440078
-7.427663379100037
-0.9160004782352225
-3.482159148987557
7.161404006031333
-0.5372005278977063
6.963961420207582
-3.568263051024136
6.199796251301887
7.941267176465139
2.006165395905127
8.311887422690866
8.60407649776899
-9.732117923326133
6.445055024318481
2.978916651568206
2.241823999740076
-8.629136015159254
-3.183027760244431
2.570497746576336
-9.695244201940906
0.9063791035877138
3.903369964715274
3.061827989324309
2.758677972322479
6.760931764087886
1.972486611886435
7.76879241555935
-7.900236852330314
-9.678806256800074
-6.233853732312282
-5.53670325011625
-9.48976943471985
-3.385632658063487
-8.379919924348565
-5.821912737077992
-9.123723887435517
5.458536929679029
-2.011951781992685
-0.5441562672899618
2.299618976639962
3.470151539257014
-1.612509791920058
-5.148598645697012
-3.576087369420361
9.360741882315388
-6.765389776575384
-1.618030983555146
-3.979764195255101
-2.249258860198483
4.734573064453695
5.100706300777802
