8.352037172942186
-2.28745462460736
6.60044324488895
8.932714397793188
3.422842625983316
3.647306424104917
8.833625338946579
-4.00700834173384
0.5640333263850028
-4.997787755116549
0.1200879702444251
-1.006012695698779
-6.361164036569038
6.736632926105248
1.295784327751512
0.1208474154066579
3.972669993074547
6.138989930480065
7.273615404288694
1.762524871704683
-9.235162691080422
0.1338756246904147
9.794049160385359
-4.681074279722715
-3.265583371439305
3.770006332956385
-2.249535644428166
-1.326699238549441
3.462291005575356
-6.82997017769844
-4.489513957075626
6.533387390806183
8.548706590076538
0.661686514241115
3.031568004297275
6.348572463849823
7.795174003600962
-3.420018145512148
4.068187483535839
-8.112438382673018
9.710048829982199
0.5307201332655236
2.145832681145968
0.6613450945972215
-0.4746985694963648
4.071846194511688
6.91975824505019
-7.030425995441175
7.236883670140109
-4.196438606869935
1.438610089632526
4.348966794748685
-2.164297337291622
-8.067203518692256
-2.22740128633767
8.03391175816509
2.740032068190576
-0.4135835166593385
-5.706963116541516
-7.799135987892466
0.4571596397253703
3.014368237699752
-2.332596914925739
5.619420454503265
-8.097253479340552
7.535701549859809
9.450654108746498
-7.680255001511854
-2.549586499643
-0.729237414132216
-1.238150814906501
-0.06497640150166895
-3.921897807112941
-0.1455374367663396
-4.283679837647404
-7.416758537590722
5.745224667726891
6.961218912114077
4.628467772371664
6.247833088577494
7.813387891723551
8.256169430037271
-5.498756086247957
5.880782280195531
-2.177069408840695
-2.843592411695378
4.511226102134556
-5.116041572790165
3.481416847394854
-8.918727271102595
-4.465096004297634
-5.423703308084951
-1.099602397708514
-1.451357600242009
0.8083467458605416
7.283884999552495
7.203920867602772
-0.1287519624268363
-2.141865667988515
2.909625357707506
6.813567628013196
-8.867598563481188
9.489714657538791
9.280235498302908
-7.22159956187252
7.463233103744102
7.478431490955654
-2.730815403844965
-2.130058291868617
-6.518926184125045
3.769637073365484
-9.084777418467805
-1.708311895500215
-6.793283445380871
7.026847595972392
2.737862884860103
-0.2613350633816722
-6.443499482770157
-0.9976244009523967
-1.476133717235921
1.791064992641475
-9.230273629553224
-0.9516074066572138
0.08613720373555189
7.228837885039678
-0.4075338578488914
-7.270789655839599
3.735752784325692
-2.515291519571825
1.138151678150381
-2.187265812167585
4.193796169483583
-3.140451540774062
8.785423043184814
0.744743676900173
-4.07784311158987
-7.386046620589315
2.209478876149948
-4.946988991081037
-5.709512338723483
1.73345306594535
6.174957908920749
-7.155266265288443
0.6613791607146489
2.829881986351356
-1.084502288299822
5.973830006419538
-1.287739905721764
9.3691507008363
-3.694658107158513
-9.265783720021323
-2.784888802839777
1.035005872344527
2.110893339647689
2.064235011075088
-1.232133963548781
-7.150599738944631
0.2976982716776906
-6.603073552153678
-5.390552598348945
-7.039017511110534
-3.369648094059228
-3.341444707642469
-6.203429262185509
-4.718314055573284
3.048588966668067
7.149850633896161
-2.506728417926417
5.308850943126318
-9.873309677415032
-9.053714223589349
1.601805997746407
8.612026436616425
-9.259334060452145
6.611299645898445
-6.966783119281966
5.079498016012458
4.979808335696653
0.1108103086521606
-9.912617647757914
2.697443298078205
7.1127228532708
-1.354507649865024
-5.954577181078141
9.553809459567546
4.54624278003722
1.907679095174091
6.025764730020427
-8.575432250333536
1.586435793844586
6.638960031096055
6.587234355591068
3.81877991803238
8.818717901535123
-6.35697383737297
-6.26129538015546
9.469881660932849
-1.916081622955954
6.663643540695059
7.999965949848711
-6.832295762485314
-5.24954703212431
-5.609459434801677
-8.66128571587949
1.64729143635631
-2.841623839762139
-2.120154431747371
9.143662180216889
9.062435126702773
-1.905460786756034
-8.941364080161833
-3.0991134670117
-8.193789773242369
-4.478037064886036
4.736590644858875
1.506149964822106
5.109970613421094
1.543980015611307
-1.273195679706664
-7.755635485104809
-3.972229700027969
8.101210969005692
4.77212349725745
-7.093484205709474
2.979550359663587
9.386952270789433
-0.837604024060278
-6.005537584247977
-4.013610497628045
-4.827016245762664
4.258798943299597
-7.602855426991286
1.460933942222402
-0.9336710059785176
-8.97487398244361
-2.778716234613418
0.1857376138156965
-1.065395376849317
-4.441392992149522
-9.977685965805923
-5.468456091314931
4.01764504131571
4.008023218520121
-4.47779835020631
-3.731695644473774
3.909779199962916
-7.652750161311835
-5.247564613943437
-0.3070205759408253
5.853341436764147
-0.9254888979445663
-6.391677696944788
-8.829697227378579
-1.088842690409571
-9.857185161622919
8.351609537840023
3.930937751831202
-0.9887046947640776
-5.667274416654558
8.376048112693706
-3.532893965405015
-1.609172108847259
7.732452079704622
6.28248978494064
5.603850833612249
-2.443470075245063
1.876772412262849
-4.803002484465031
-2.498400015318553
-5.565673956526608
2.774157045998656
2.268866039717199
-1.47323809569469
3.219075647986283
-5.114934042666794
-7.043263451560851
4.555039472403637
8.063666728639827
6.418896312305918
-7.515896736942963
-1.552031176528185
7.116025257503651
6.223713346516671
-3.429994543506679
-2.551037819599898
-1.922787460097171
-6.93131399347982
-5.781821429802992
-8.007666962727951
1.199541700789924
1.097823415367415
2.377802732341799
-0.2533391708396877
-5.821781651822401
-1.23636158143958
-4.52932662264802
-5.001000428756008
-0.1263578338859812
-1.650173681320867
-0.8211113354709205
-9.563396316741148
5.455825211903933
3.463331066528752
5.450603360825424
-0.2468602928347625
-3.744765104013743
6.471126314567051
-4.061371729663962
9.886909225163606
3.848877766626433
3.770991957574385
-9.367151823673661
-2.457470059690793
-7.523926965774585
-1.77024668463549
6.494034403214236
3.226506422129049
3.877849013381205
4.090899719479529
-2.987497486278135
4.628504257829309
-9.081843782632022
-1.535277232350255
1.518826368094054
-3.23683661853843
9.722250284595148
8.901518401533139
5.53554631252344
1.224371971737368
-2.040133791072536
-0.09769595168716627
-7.144440946292447
5.929900978338384
-5.823267203662946
6.911904100408744
9.819811199797186
-8.59722430148523
5.653888856879901
1.07319589567199
-2.931282528983053
-1.51040102312631
-4.100952634360569
4.709680264214292
5.344471641017655
-2.553832750102879
-2.250245798736596
-1.71512908922106
3.66510246468504
-8.347487965281044
-0.3373268185671492
2.479361782552141
-2.195351935810023
-3.189752285210136
9.048724154909511
6.306673020366613
-9.290731312859839
0.7227236042378351
-8.803732237215982
4.424591611382313
-2.864215416655512
-3.1734316680652
-0.352609244441263
-4.620639637832009
9.201084053754741
7.824350841468345
-9.166645167613765
4.481086020896621
9.454299790096165
6.924629380118944
7.679247468525752
-0.50110734342136
-2.215200074269229
8.005060188072967
7.631677094059906
6.290666483425621
-0.2820511084667441
1.991015986329408
-3.703553022072389
-2.002802276807484
9.16315168478922
-7.275293683381884
5.525984114590587
-2.532299980451195
-6.558136969563545
7.457180070833473
-3.291328141352741
5.107340702257442
-4.422116149109375
0.3767402508516842
-3.552260643444541
-8.233686904102525
3.032805953402956
-3.072404695570071
-0.00211014780674823
-4.802348639382966
-7.659312430020517
-5.742437602742053
7.746864050787366
9.795115185498361
-0.4841896539868529
6.135423707075084
-1.723100224221135
-4.40779767882127
-6.267737738970214
2.586211288955205
-2.280224071865584
-3.024919507920671
9.683153121519922
7.809368330227759
1.961184901174063
-5.918511385192323
3.321949385210443
-1.681193728632831
4.160220121265166
-6.447482165915636
-9.499787991788375
3.194559325209092
0.7997892808905593
-2.648821972887561
-6.270436365758892
6.9040967228749
0.9562452365952172
-8.439079241484613
-7.85592517876836
-0.542761714020731
9.036794372777187
-0.2877667588985364
-7.020478155713938
5.328184267263875
-3.985181705643179
7.123483552270635
9.09977566105665
-6.073034704763741
-9.605662784867715
-4.453183021992743
-2.081903973040546
-2.293612707940511
-1.725077248271084
-3.871894064879519
-0.4408345677914287
5.085553019803244
-3.899454551241021
6.122216202370762
5.145573968244157
7.765470727902194
-3.773642733358235
-9.491853161061671
-3.41850417964765
2.355754310224141
4.369473779528207
-5.804177561710832
-0.9245032456988564
-5.617026583924968
-2.441460136439972
1.062490529615678
-4.065578664118835
-4.583268346892247
-8.210960895481087
-3.585235643568564
9.543950395673736
2.818873804440701
-1.242427926358248
2.720172858775696
5.443382672421631
-4.651144674220001
9.714590328578197
-0.3598329599947458
-4.020546947491167
1.434581968717609
-2.241319568577946
-1.746480028774059
0.5249351532944111
7.157684027636627
-3.311561028206603
-5.479922247289687
-0.9241636343773045
7.522621998855406
0.2727542739609845
-7.623736672599956
5.549727747662562
5.6395992150313
-7.462484296495543
-9.453585758284071
-9.51104641679574
-2.739958682859744
8.138239120967153
-0.2052483852141211
-8.612282442317422
-4.95507553524385
5.892174123707189
-8.035492615914221
2.253756468176425
-1.746280768237858
5.544481608713099
3.549134071544135
9.324268763393537
0.7324257048079552
-5.833990551433112
5.788229876056885
-6.321151023666785
-8.911008558891362
-0.3963925121880916
7.433033409853081
2.581134765480995
4.322508284718241
3.312882718174933
9.184008998790645
7.593601961073638
4.335933031672612
1.453133070344407
6.470285526359511
-6.06088726596581
0.3817108764458172
-4.478772517080793
-0.7844911451910654
7.833795342931932
9.729451486867482
9.764746871041382
2.154671210055195
6.802975273302284
-5.780712349319835
0.8038651455078938
6.564749057260791
4.950268479826843
1.628556685717527
-4.795361072029226
8.928227486192725
0.5421660969981872
3.609147467372896
-9.922973891210011
0.7044296227333842
-7.610236194856393
-3.004158298134794
-2.216668224577694
-9.594909122554922
-2.850256439921491
3.00964382093369
7.884017782682431
4.840977912009111
-0.4180637507329017
-2.335757678872435
9.205596852736527
1.57529236358441
2.645846088989847
-7.010738642553914
-3.956174639704045
5.330055295132588
-5.1524224588953
3.353551970768187
7.110441926572847
-7.640657797494874
6.450227474032378
-9.470213977604802
8.658195371474175
-6.916792032096534
9.587119155866382
8.238455512182977
-7.682570098733221
-1.07863058946695
-4.071113321318538
-7.487267008133244
8.954052398638606
-0.5110730697696866
8.642434635050531
-4.371262586369927
-6.085951370178771
-6.865270133276987
-8.580517876779689
-2.059212162570226
-9.046815548684675
7.625589377909151
-1.413554050748431
7.294279340182253
-8.381239591077755
1.348001057841955
-5.251589661766488
3.882850573537091
2.535032077757478
-2.823536735662705
-2.922166721441912
7.491801135301358
9.227586092034699
-1.500393582955642
8.196474532260535
2.964820728673143
-6.573988633885048
3.303440915225019
-4.162160659857475
-8.346291091352127
5.978026038893356
-7.432560656304267
-0.1571002925564713
-4.362574321734613
-7.188554986456269
1.431144399018356
-9.977927001524701
7.941645247332897
-2.463641175858528
6.353996068374631
1.567456268121877
0.5315074675253442
3.607269381294264
-2.868601376358738
-8.661638759033124
-5.04216719243999
6.974357077965848
-8.216860940872849
1.069921288340392
2.296448627840723
-2.62210782562949
-0.1326815784124378
-0.5976924585060193
-4.650647614485753
-1.588834140734768
1.136987408967041
1.773307119912475
8.787955889268122
6.343523516255235
4.065720193894176
4.178596581759162
-9.667942290968778
-5.959671806090244
4.598094567187252
7.739918458114946
-7.34544574277542
5.127100863190194
-8.366620389534678
4.437861694529172
6.315081077521484
-1.941972196249468
0.8887545173293159
-6.701922428843886
-5.629279325003152
1.615755521661571
1.94724685042047
-0.7933877148707129
6.822251001921074
8.883022325736722
1.959743979794734
8.811369931809519
-5.300269270272061
-0.2289999146403403
-7.665068541714776
-2.75696562711186
9.255139824091017
4.638627567520448
-2.290459309316873
-3.608306298482332
-0.2165243007415025
4.893876901205568
-4.515580752697832
4.228709230707871
-8.536104268932833
3.329412671902453
-6.089286759840219
7.419596818367342
-1.880445961187224
-1.023124380363855
6.64567175677043
2.819834011348338
-5.06176519541688
-2.3617957103118
8.043958652479287
1.549626471433891
3.853736148346032
-3.023973948464063
5.054245105096271
4.421246808739365
-8.273424729077062
9.620972758993751
-6.671269016179032
4.427272581884749
4.904972766051172
1.57709648415044
2.12920492539137
-9.631624987216728
-6.001399988645655
4.479912553648582
-5.771820995795236
8.592182286171703
-9.470299324082642
0.4123844874575884
-8.312970965951591
-1.252551064178343
5.913147893827659
1.803461870124313
0.2886967926104607
-0.4475307924523939
9.061298531700221
-1.969516389395421
8.643634536129134
-3.060286800635502
5.227983708593895
-1.592307354538939
2.86731973934215
-2.792667683466563
2.284074285161905
-8.342887879465387
8.856624266503687
3.672580770509843
8.02270874898436
9.802303094077132
6.2905652122056
-7.120216488237967
-5.23967473300074
-2.947395657705102
-1.501426794511092
-7.847857531242009
-9.947891025262555
6.783386603632188
-1.730346505102769
-0.7596741679371846
-9.392635476137041
-2.620812299319512
-6.221532714755901
-0.8926655897337739
6.080819498342983
1.51725954998648
8.936642309862435
0.450364811833925
-7.451903454783561
-4.154594867700045
1.343541949247573
7.304441726542294
-5.569429907662247
0.02104036725760494
3.688792600763533
8.763309347007368
9.031170491595979
-8.462729407494477
3.606255969088235
-8.55693735963194
-8.943743763646832
-5.919373016497185
-6.308963452242403
-0.3662969570053889
-4.780610201840388
3.012307709226834
-9.152863137633549
6.304667112621754
-9.359204101459289
-8.104557761155252
9.467689709567072
6.038326632947417
-2.064343880849444
7.69726609343984
-5.250243969517458
7.044538223761442
8.032269740299515
-5.808518372131304
7.49122802224673
0.410206772335691
-0.5637570548720348
6.367493098448129
-2.996817788825007
9.491261151370583
-3.202317998175733
6.558528776168121
8.437763599710831
-8.487671480273203
7.1520357634917
1.194889152727434
-9.774095642867612
0.4877186183584961
-2.792515297652347
6.70986625813654
0.32628274679867
1.060758268440003
-4.63747123773711
-3.074023583031803
3.615898607353436
-0.3319857913330502
-8.02894949249133
-6.085218994284281
-9.493590082629932
-1.999033946900887
8.190677207250992
2.225286278483603
-4.77539072705634
-4.120220457311886
0.9268325023858193
2.89483022553082
8.747346504082106
1.545890034057415
-7.466057335565937
-4.163519796148237
9.680699693543943
-5.335021576448529
-7.988880179675939
3.816481804719146
8.788185273849454
1.857962839652656
-4.879294313945425
3.473781799267982
-0.9084129556855665
3.76086865077967
9.102975249814516
-2.03843572194315
2.969791160873354
-2.746371534752067
-1.880418738362913
8.675970473864211
-0.667616005195077
3.173866754269953
1.36958293426674
-0.2150990124092704
-6.874930262062209
2.635207906513253
-9.872961481943078
7.011991957742886
-7.348549568163399
-6.845988608321379
5.04405706168976
-6.122689566937451
1.431266976901826
-3.970576190686343
3.002372776405318
-3.647432167276595
-9.297935520758985
-9.874616265367456
-8.302709371448023
4.369644632145281
-4.589707832113881
-2.191100536660154
-9.491562812966217
-6.976841152016893
-0.113988784140501
9.80133307808692
-0.07591582794994878
-1.210026223369548
0.8792852306961141
-6.039104053718675
-0.2729611330515205
-4.092512291782904
-7.111330780702018
8.310650124440414
2.177957050247347
0.1753509208908532
-5.6297536167021
5.117020179035606
8.441877546087774
0.5169696703878124
-4.046468059245363
6.78079074927274
-4.391862113975726
-4.266086710877123
-6.135188863794198
-1.139583413674659
-9.157670690349216
-8.235413282849873
2.467799746591858
6.601504953351466
-4.910319190624595
5.723628091492095
-9.407865540961913
0.3880851030257144
-4.204263256798599
9.892348269341586
-0.5857851405042585
-3.439107864242547
-9.14145128306407
-6.059621713352799
